Unnamed: 0,drama_type,speaker,sex,job,job_category,social_class,text,short_name,numTokens,numLexTokens,avgLexVal,lexRatio
0,comedy,Tante DOMINO,F,,,,"
          
Tante.

          
G'wiss, Rosele... g'wiss, mi lieb Kind, schaü, glaüb
                        mir... schla Dir das Ding üs em Kopf mit Dim Herr
                        Alfred... De wirsch sàh, 's isch besser fir Dich... ich
                        ka jo üs Erfahrung rede!... lüeg, vo dàne junge alle
                        z'àmme isch nie Keiner kei Duwle werth gsi..
(fir sich)

                        ich wird's ebbe wisse!
                    

        
",lustig-dr-chineserfranz,58,9,0.6194233726026847,0.15517241379310345
1,comedy,ROSELE,F,,,,"
          
Rosele.

          
Awer dr Herr Alfred, Tante...

        
",lustig-dr-chineserfranz,6,1,0.578708951845571,0.16666666666666666
2,comedy,Tante DOMINO,F,,,,"
          
Tante.

          
Dr Herr Alfred, lieb Kind, wird grad si as wie
                        alle-n-andere... gang mr eweg mit de Mànner.. wenn Dü
                        wisse thàtsch, was me sich ufladet mit em hirothe!
                    

        
",lustig-dr-chineserfranz,31,4,0.7460636135346006,0.12903225806451613
3,comedy,ROSELE,F,,,,"
          
Rosele.

          
Awer e Zuckerbäck, Tante, ne Zuckerback wie dr Herr
                        Alfred einer isch!...
(fir sich)
 Das müess doch güet
                        si, ne Zuckerback!...
(lüt)
 un 's isch e güet Handwerk:
                        we me-n-als ebbes verfuchst, so ka me's jo selwer esse,
                        's geht nitt verlore!
                    

          

        
",lustig-dr-chineserfranz,50,6,0.6025135069894761,0.12
4,comedy,Tante DOMINO,F,,,,"
          
Tante.

          
Ne Zuckerbäck, Rosele, isch vom ganz gliche Teig
                        g'macht, wie alle-n-andere!... Meinsch Dü, wil er Dich
                        als eso siess alüegt?... So sin alle Zuckerbäck, bis
                        ass se-n-eim als hàn am Bàndel!... doch nochher, Rosele
                        sin's nit meh as Salzfàsser!... Schaü um Dich umme...
                        isch unsere Nochbere dert àne glicklig mit ihrem Mann?
                        Sie hat o-n-eso ne Schnüfer gnu... jetz zieht er
                        d'halwe Zit mit Andre-n-umme un losst si Fraü d'heim
                        sitze. Wie màngmol isch se mir ku klage, die güete
                        Person!... Un die andere dert, die hat o so jung
                        g'hirothe... gang lüeg emol, was das fir e Hüshaltung
                        isch!... er thüet sich voll trinke-n-un macht alles
                        dure, diemol hat er sogar Prison biku vo wege Handel,
                        wo-n-er g'ha hat!... un weisch, was er g'sàit hat züe
                        sim Kamerad, wo-n-er isch geh si Zit mache... « Ich
                        hinterloss Dir mi Fraü un mi Pfiffe, Hans... gib mr nur
                        recht Achtung züe dr Pfiffe »... Un derno, wie isch's
                        mir selbst nitt gange, Rosele...
                    

        
",lustig-dr-chineserfranz,182,22,0.6234471315936729,0.12087912087912088
5,comedy,ROSELE,F,,,,"
          
Rosele

          
(wunderfitzig)

          
Wie isch's Dir gange, Tante, verzähl mr's emol?...

        
",lustig-dr-chineserfranz,14,1,0.2971885015316475,0.07142857142857142
6,comedy,Tante DOMINO,F,,,,"
          
Tante

          
(verlege)

          
Nit, nit!... glaüb mir, Rosele, hiroth Dü dr Herr
                        Gàlfink, unser Nochber... das isch e Mann vo me
                        g'wisse-n-Alter un wo ne bitzi ebbes hat...
                    

        
",lustig-dr-chineserfranz,31,6,0.6520218391575828,0.1935483870967742
7,comedy,ROSELE,F,,,,"
          
Rosele.

          
Jo, eso ne-n-Alter, Tante... dr Herr Alfred isch o kei
                        schlechte Parthie, un hat erst noch e richer Oncle,
                        wo-n-er emol erbt!
                    

        
",lustig-dr-chineserfranz,27,3,0.39626891820502114,0.1111111111111111
8,comedy,Tante DOMINO,F,,,,"
          
Tante.

          
Jo, so ne-n-alter Seeràiwer, wo schint's si Vermöge-n-in
                        Amerika g'macht hat!... grad wege dem will er nitt, ass
                        si Neuveu Dich hirothet... mir sin em z' g'mein, wil
                        mir in dr Cité wohne...
(se zeigt uf 
Rosele)
 d'beste
                        Glättere wit un breit, wo bis am e Sunntig z'Mittag
                        z'schaffe hat, fir ihre Pratike-n-alle z'friede
                        z'stelle!...
                    

        
",lustig-dr-chineserfranz,70,8,0.6136831131958522,0.11428571428571428
9,comedy,ROSELE,F,,,,"
          
Rosele.

          
Jo, 's isch wohr, ich wird wieder g'ar nitt fertig
                        hit!... 's isch jetz bol Eins... ich müess jetz doch
                        mache, ass ich e Sach furttrage ka.
                    

        
",lustig-dr-chineserfranz,28,1,0.8235551257078202,0.03571428571428571
10,comedy,Tante DOMINO,F,,,,"
          
Tante.

          
Sonige brüche-n-unserein's noch z'verachte, so
                        Herg'loffene, wo me gar nitt weisst, wo se herkämme!
                    

        
",lustig-dr-chineserfranz,19,1,0.1456874459917022,0.05263157894736842
11,comedy,ROSELE,F,,,,"
          
Rosele.

          
Oh! Tante, 's isch nitt halwer so g'fàhrlig, wie Dü
                        machsch... er hat nitt gern, ass si Neveu hirothet, 's
                        isch wohr, wil er noch gar jung isch, awer er kennt uns
                        jo nitt emol, un dr Herr Alfred hat g'sàit, wenn nur
                        Dü-n-emol z'friede wàrsch, so thàt er si Oncle scho
                        wisse z'iwerrede... was die Seeràiwerg'schichte
                        abelangt, wo Dü druf stupfsch, so isch gar nit wohr
                        dervo... dr Herr Alfred hat mir alles verzählt; si
                        Oncle isch schints e wenig schlimm gsi in siner Jugend,
                        un hat e paar dumme Streich g'macht, un do hat me ne
                        furt tho züe sim altere Brüeder in Arnerika, im Herr
                        Alfred si Vater, wo dert e G'schàft g'ha hat, un derno
                        isch er dert bliwe, bis vor ebbene sechs Monet isch er
                        als e richer Mann z'ruckku un dr Herr Alfred mit em...
                        das isch d'ganze G'schichte
(se hört uf mit Glätte-n-un
                        legt s' Blunder in e Korb)
.
                    

        
",lustig-dr-chineserfranz,167,19,0.6722589648217796,0.11377245508982035
12,comedy,Tante DOMINO,F,,,,"
          
Tante.

          
Dr Herr Alfred ka Dir verzähle was er will, lieb Kind
                        !... schaü, De glaübsch nitt, wie-n-eim d'junge Lit
                        hintergehn,
(fir sich)
 ich ka jo üs Erfahrung rede!
                       
(züem Rosele)
 dr Herr Gàlfink hingege isch scho im e
                        g'wisse-n-Alter... serios un posiert...
                    

          

        
",lustig-dr-chineserfranz,51,9,0.6361311268118316,0.17647058823529413
13,comedy,Tante DOMINO,F,,,,"
          
Tante.

          

            
Kind, glaüb Dü mir,

            
E Junger müesch nitt nàmme,

            
Drum roth ich Dir,

            
Dr Herr Gàlfink jetz z'nàh.

          

        
",lustig-dr-chineserfranz,20,4,0.7191093963446773,0.2
14,comedy,ROSELE,F,,,,"
          
Rosele.

          

            
's wàr mi Unglick,

            
Ich miesst mich mit ihm schàmme,

            
Er isch mr z'flick,

            
Ich will ihn gar nit sàh.

          

        
",lustig-dr-chineserfranz,22,1,0.1623111009240016,0.045454545454545456
15,comedy,Tante DOMINO,F,,,,"
            
Tante.

            

              
Kind glaüb Dü mir etc.

            

          
",lustig-dr-chineserfranz,6,2,0.8181698501114238,0.3333333333333333
16,comedy,ROSELE,F,,,,"
            
Rosele.

            

              
Drum glaüb Dü mir,

              
Ich ka ne g'wiss nitt nàmme,

              
Ich sag jetz Dir,

              
Ich will ne gar nitt sàh.

            

          
",lustig-dr-chineserfranz,21,1,0.8294008769580371,0.047619047619047616
18,comedy,ROSELE,F,,,,"
          
Rosele.

          
Ich gang, Tante, ich gang...
(se legt e Hüet un e Shawl
                        a)
 ich kumm wohrschinlig nitt heim vor z'Owe, ich will
                        noch im Kàtele geh ne Visite mache.
(se nimmt dr Korb
                        an Arm. Fir sich)
. Niemols thüe-n-ich eso ne-n-alter
                        Gàlfink hirothe... dr Herr Alfred oder Keiner
(se geht
                        hinte-n-üse)
.
                    

        
",lustig-dr-chineserfranz,65,5,0.4516143969306481,0.07692307692307693
19,comedy,Tante DOMINO,F,,,,"
          
Tante

          
(allei)

          
's will nitt recht abisse, 's Rosele... do wird's noch
                        Mieih koste!... franchement, 's wàr mr gar nitt 
recht,
                        wenn ich im Herr Gàlfink, wo si Zimmer dert grad
                        nàwe-n-unserem hat, absage miesst... denn derno kàm er
                        natirlig nimmig do ane, un wer wott derno ne Domino mit
                        mir mache-n-als z'Owe?... ich derf nitt dra denke?...
                        ich müess mi Parthie mache, sunscht ka-n-ich nitt
                        schlofe!... se sage mir Tante Domino wege dem, awer das
                        macht mir nit... wege me so ne Zuckerbäck do nimmig
                        känne Domino spiele!... Un derno, ich ha-n-Angst fir 's
                        Rosele: wie isch's mir nitt gange, wo-n-ich jung gsi
                        bi!... ich o ha 's Unglick g'ha mich z'vernarre-n-in è
                        junger Mensch, un derno isch er emol uf mi Zimmer ku
                        schliche un hat awer glich wieder miesse d'Flucht nàh,
                        züem Fenster üse vom erste Stock, ass er nitt
                        verwitscht worde-n-isch... un er laüft noch... ich ha
                        ne siter nimmig g'sàh... er hat mi sitze lo! ich bi
                        awer wieder ufg'stande... 's isch mi erste-n-un mi
                        letzte Liewe gsi... ich möcht nur wisse, was üs em
                        worde-n-isch?...
(se faltet d'Hànd un schaüt gege
                        Himmel)
 Oh Samüel! oh Samüel!
(züem Public)
 er hat
                        Samüel g'heisse!... mi ganzer Lewenslaüf hasch Dü
                        verderbt!...
(se geht uf dr Site-n-üse rechts)
.
                    

        
",lustig-dr-chineserfranz,244,22,0.5287645181570947,0.09016393442622951
20,comedy,Herr ALFRED,M,,,,"
          
Herr Alfred

          
(kunnt hinte-n-ine, er isch ganz wiss ag'legt un hat
                        e Tarte uf einer Hand)
                    

          
's isch Nieme do... desto besser... also do wohnt jetz
                        's Rosele?
(er lüegt ummenander)
 's isch recht heimelig
                        do!...
(er legt si Tarte uf's Tischle nàwe dr Thüre un
                        kunnt fire)
 's isch ewe-n-in dr Tante-n-ihre Namestag
                        hit!... ich ha denkt, ich müess lüege, ass ich ere ne
                        kleine Surprise mache ka, ass se ne wenig menschliger
                        wird gege mich!... Hein, isch das ebbes fin's!...
(er
                        nimmt d'Tarte un zeigt se)
 ihre Name-n-isch druf,
                        «Schelastika»,
 se heisst Schelastika.
(er stellt se
                        wieder hintere)
 Dr Idee isch mr ku dà Morge... 's isch
                        ewe ne Herr ku-n-eso eine b'stelle un hat mr e
                        Liewensbriefle hinterlo, fir's dri z'stupfe, un
                        d'Adresse, wo-n-ich se-n-ane schicke soll... un do
                        ha-n-i denkt, tiens, im Rosele si Tante heisst jo o
                        Schelastika, wenn ich ihre-n-eso ne Tarte thàt bringe?
                        un do ha-n-i hait glich zwei g'macht... Ich will mich
                        jetz glich wieder dervo mache, denn ich wott ewe nitt,
                        ass mich ebber thàt atreffe do!... Oh! wenn ich doch
                        nur e wenig herzhafter wàr... ich hätt scho lang gern
                        g'redt mit dr Tante wege-n-em Rosele, denn nur sie isch
                        noch dergege... mi Oncle ha-n-ich jetz endlig
                        kanne-n-iwerrede, er hat mir versproche, hit z'Owe ne
                        Visite ku z'mache do, awer ohne sich z'erkenne z'gà...
                        er git d'nàchste beste Üsred a... 's isch nur, fir 's
                        Rosele un si Tante kenne z'lehre, un wenn se-n-em gehn,
                        so red' er mit dr Tante!... Oh! Rosele! Rosele!
                    

          

            
G'sang

            
(bleib bei mir)

            
Ka me d'Liewe

            
Üse schiewe?

            
Das isch eim unmöglig schier!

            
Ich fall leider

            
Üs de Kleider.

            
Wenn ich d'Brüt nitt bol heimfiehr.

            
Sie wartet mir, ich ha ihr Wort,

            
Doch wit vo ihr g'fallt mir kei Ort;

            
Ich denk an sie uf Weg un Steg,

            
Drum bring ich schier kei Teig meh z'weg.

          

          
Doch still! 's kunnt glaüb ebber?... 's isch am End
                            gar d'Tante!... Nei, ich spir jetz scho, ass ich 's
                            Herz nitt hätt, mit ere z'rede... ich mach mich
                            dervo, mi Oncle soll's richtig mache hit z'Owe,
(er lüegt ummenander)
Wo bin i ine ku?... dert glaüb 
(er zeigt d'Thüre rechts, geth se geh uf mache un kunnt glich wieder z'ruck)
 schier wàr i letz g'loffe... 's isch e Schlofstuwe!... do isch d'güete 
(er will hinte-n-üse, hört awer ebber aklopfe)
 z'spot! 
(er springt in d'Schlofstuwe-n-un macht d' Thüre züe).

        
",lustig-dr-chineserfranz,478,45,0.5696260703294892,0.09414225941422594
22,comedy,Tante DOMINO,F,,,,"
          
Tante

          
(kunnt ine links)

          
Ah!... Sie sin's, Herr Gàlfink, 's isch mr doch gs? ich
                        hör ebber... was isch... kämme Se ku ihre Rei vanche
                        nàh... hein, gestert ha-n-ich Sie awer g'wunne-
                    

        
",lustig-dr-chineserfranz,38,2,0.5432362870455969,0.05263157894736842
23,comedy,Herr GALFING,M,,,,"
          
Herr Gàlfink.

          
Scht! scht!
(er winkt ere, se soll still si)
.

        
",lustig-dr-chineserfranz,13,2,0.5815474677991712,0.15384615384615385
24,comedy,Tante DOMINO,F,,,,"
          
Tante.

          
Potz taüsig!... was mache Sie fir e G'sicht hit!... isch
                        Ene ne Spinne iwer d'Nase g'loffe dà Morge?
                    

        
",lustig-dr-chineserfranz,20,4,0.46699669175664926,0.2
25,comedy,Herr GALFING,M,,,,"
          
Herr Gàlfink.

          
Scht!... Oh! wenn das möglig wàr, wenn das möglig wàr!
                       
(er laüft hin un her)
.
                    

        
",lustig-dr-chineserfranz,19,2,0.35646693871571644,0.10526315789473684
26,comedy,Tante DOMINO,F,,,,"
          
Tante.

          
Was möglig wàr?... e Domino z'mache?... uf dr Stell,
                        Herr Gàlfink... ich ha jo scho lang uf Se g' warte!
                    

        
",lustig-dr-chineserfranz,22,6,0.6010803617462867,0.2727272727272727
27,comedy,Herr GALFING,M,,,,"
          
Herr Gàlfink.

          
Domino, jetz?... 's handelt sich nitt um das... thàt
                        Se-n-emol d'Thüre züegschpliesse, Tante.
                    

        
",lustig-dr-chineserfranz,18,1,0.578708951845571,0.05555555555555555
28,comedy,Tante DOMINO,F,,,,"
          
Tante.

          
D'Thüre züegschpliesse!... fir was?

          

        
",lustig-dr-chineserfranz,6,1,0.4218104556133473,0.16666666666666666
29,comedy,Herr GALFING,M,,,,"
          
Herr Gàlfink.

          
Thàt Se nur emol züegschpliesse, ich will's Ere derno
                        sage...
                    

        
",lustig-dr-chineserfranz,13,1,0.578708951845571,0.07692307692307693
30,comedy,Tante DOMINO,F,,,,"
          
Tante.

          
Sie mache mich wunderfitzig, Herr Gàlfink...
(se geht
                        geh dr Schlüssel umdràihe)
.
                    

        
",lustig-dr-chineserfranz,15,2,0.4379487266886093,0.13333333333333333
31,comedy,Herr GALFING,M,,,,"
          
Herr Gàlfink

          
(fir sich)

          
's isch züem dritte Mol jetz!... oh! wenn doch das kännt
                        g'schàh.
                    

        
",lustig-dr-chineserfranz,18,2,0.5002597037294592,0.1111111111111111
32,comedy,Tante DOMINO,F,,,,"
          
Tante

          
(kunut fire)

          
So, jetz isch's züe... was isch jetz das fir e
                        Mordthat?
                    

        
",lustig-dr-chineserfranz,17,1,0.4218104556133473,0.058823529411764705
33,comedy,Herr GALFING,M,,,,"
          
Herr Gàlfink

          
(lüegt ummenander)

          
Thàt Se viellicht d'Thüre noch e wenig verbarrikadiere
                        mit Tisch un Stiehl.
                    

        
",lustig-dr-chineserfranz,19,2,0.5263875262517556,0.10526315789473684
34,comedy,Tante DOMINO,F,,,,"
          
Tante.

          
Ah çà, sin Sie eigentlig g'schosse in dr Pelzkappe, Herr
                        Gàlfink?
                    

        
",lustig-dr-chineserfranz,12,1,0.578708951845571,0.08333333333333333
35,comedy,Herr GALFING,M,,,,"
          
Herr Gàlfink

          
(geht hin un her un gesticuliert)

          
's isch o nit unmögligs... 's isch ganz natürell!

        
",lustig-dr-chineserfranz,19,3,0.5044712946091364,0.15789473684210525
36,comedy,Tante DOMINO,F,,,,"
          
Tante

          
(fir sich)

          
Ich will em halt si Wille thüe, sunscht erfahr ich nie
                        nit
(se stellt Tisch un Stiehl vor d'Thüre un sieht
                        d'Tarte)
. Tiens, das isch jetz gàlant vo Ihne, Herr
                        Gàlfink, ass Sie mir ebbes brocht hàn fir mi Namestag.
                    

        
",lustig-dr-chineserfranz,49,6,0.5776328071071363,0.12244897959183673
37,comedy,Herr GALFING,M,,,,"
          
Herr Gàlfink.

          
Was brocht?... ich?
(er geht geh lüege)
.

        
",lustig-dr-chineserfranz,11,1,0.578708951845571,0.09090909090909091
39,comedy,Herr GALFING,M,,,,"
          
Herr Gàlfink

          
(fir sich)

          
Tiens, das isch e Tarte wie die, wo-n-ich dà Morge
                        b'stellt ha bim Zuckerbäck, fir... he he he... fir 

                        d'Jumpfer Schelastika im Rosegàsle... scht!...
(züer
                        Tante)
 g'wiss nitt, Tante, ich ha jo nitt emol g'wisst,
                        ass Sie Schelastika heisst.
                    

        
",lustig-dr-chineserfranz,50,6,0.5090442581455622,0.12
40,comedy,Tante DOMINO,F,,,,"
          
Tante.

          
Do wird's halt 's Rosele si, wo mr se do ane tho hat...
                        das git ebbes fir z'Owe züem Kaffee. Doch 's handelt
                        sich jetz nitt um das... üse jetz emol mit dem
                        G'heimniss.
                    

        
",lustig-dr-chineserfranz,37,3,0.355929887173912,0.08108108108108109
41,comedy,Herr GALFING,M,,,,"
          
Herr Gàlfink.

          
Isch alles züe?

        
",lustig-dr-chineserfranz,5,1,0.578708951845571,0.2
43,comedy,Herr GALFING,M,,,,"
          
Herr Gàlfink.

          
Eh bien...

        
",lustig-dr-chineserfranz,4,2,0.7013107129923911,0.5
44,comedy,Tante DOMINO,F,,,,"
          
Tante

          
(erwartungsvoll)

          
Was denn?

        
",lustig-dr-chineserfranz,6,1,0.708,0.16666666666666666
45,comedy,Herr GALFING,M,,,,"
          
Herr Gàlfink.

          
Ich ha traümt, ich heb 's grosse Loos g'wunne.

        
",lustig-dr-chineserfranz,11,2,0.7255085543714359,0.18181818181818182
46,comedy,Tante DOMINO,F,,,,"
          
Tante

          
(desappointiert)

          
Un fir dass hàn Sie mich mache d'Türe
                        z'verbarrikadiere?
                    

        
",lustig-dr-chineserfranz,15,1,0.4218104556133473,0.06666666666666667
47,comedy,Herr GALFING,M,,,,"
          
Herr Gàlfink.

          
's hat gar viel Schelme bi dàne schlechte Zite!

        
",lustig-dr-chineserfranz,11,2,0.34814714985469597,0.18181818181818182
48,comedy,Tante DOMINO,F,,,,"
          
Tante.

          
Sie hàn e Sprosse z'viel, Herr Gàlfink, 's ka nitt
                        anderscht si!... 's wàr besser, Sie hätte's scho, ihre
                        gross Loos.
                    

        
",lustig-dr-chineserfranz,24,4,0.6279082993375189,0.16666666666666666
49,comedy,Herr GALFING,M,,,,"
          
Herr Gàlfink

          
Sie wird sàh, Tante, 's kunnt... denn dreimol
                        hinternander ha-n-i's jetz traümt... Vorgestert
                        z'Nacht, gestert z'Nacht, un grad vorig, wo-n-i mi
                        Mittagsschläfle g'macht ha... we me-n-ebbes dreimol
                        hinternander traümt, so g'schieht's allemol!
                    

          

        
",lustig-dr-chineserfranz,44,3,0.6536913659647972,0.06818181818181818
50,comedy,Tante DOMINO,F,,,,"
          
Tante

          
(bedenklig)

          
Jà, wenn dass isch, Herr Gàlfink, so kännt viellicht
                        ebbes drüs g'schàh... ich b'sinn mich, ass mi Vater
                        emol traümt hat, dreimol hinternander, er thàt Geld
                        finde... eh bien, sàlle gliche Wuche hat er e Pfennig
                        g'funde... das heisst nei, e Centime... sàllemols hat
                        me noch Centimes g'ha.
                    

        
",lustig-dr-chineserfranz,52,6,0.5724726087254507,0.11538461538461539
51,comedy,Herr GALFING,M,,,,"
          
Herr Gàlfink.

          
Drum sieht Se, Tante. Oh! ich ha kei Rüeh meh!... wenn's
                        doch wohr wàr!... 's isch nit, wo nitt ka si, uf
                        jedefall müess es ebber g'winne, nitt wohr!... ich will
                        doch derno lüege, was mine Titres fir Nümeros hàn...
                        ich will se-n-ufschriwe.
                    

        
",lustig-dr-chineserfranz,48,7,0.6850974229607277,0.14583333333333334
52,comedy,Tante DOMINO,F,,,,"
          
Tante.

          
Zeige Se, Herr Gàlfink, was thàte mr mache, wenn Sie 's
                        grosse Loos thàte g'winne? .. z'allererst miesste
                        guldige Domino in's Hüs!... mr thàte mit guldige Domino
                        spiele!
                    

        
",lustig-dr-chineserfranz,30,4,0.6918091598035732,0.13333333333333333
53,comedy,group,sex_unknown,job_unknown,job_category_unknown,social_class_unknown,"
          
Hèrr Gàlfink.

          
Une Hochzit thàte mr mache, Tante Domino, ass noch
                        keine-n-eso gsi isch!... 's Rosele miesst üsg'staffiert
                        si wie ne Prinzessin... A propos, was macht's, das
                        G'schàft, geht's vora? Ich wàr jetz gern emol fixiert.
                    

        
",lustig-dr-chineserfranz,40,4,0.7899788431961894,0.1
54,comedy,Tante DOMINO,F,,,,"
          
Tante.

          
Grad dà Morge ha-n-ich im Rosele wieder dervo g'redt...
                        's isch halt e wenig e Stättkopf...
                    

        
",lustig-dr-chineserfranz,19,3,0.535231946886903,0.15789473684210525
55,comedy,Herr GALFING,M,,,,"
          
Herr Gàlfink.

          
Do will's denn schint's noch allewil nit vo mr wisse?
                    

        
",lustig-dr-chineserfranz,14,2,0.5986486545402424,0.14285714285714285
56,comedy,Tante DOMINO,F,,,,"
          
Tante.

          
Das grad nitt... un züedem, wenn Sie jetz 's grosse Loos
                        g'winne, so wird es sich scho anderscht b'sinne... à
                        propos, mr kännte jo lüege, eb Sie wirklig e Chance hàn
                        z'g'winne.
                    

        
",lustig-dr-chineserfranz,34,5,0.6953894126326341,0.14705882352941177
57,comedy,Herr GALFING,M,,,,"
          
Herr Gàlfink.

          
Wieso!

        
",lustig-dr-chineserfranz,3,1,0.578708951845571,0.3333333333333333
58,comedy,Tante DOMINO,F,,,,"
          
Tante.

          
Eh! mit de Karte!... mr känne jo ne Reüssite mache...
                        ass ich nitt eher dra denkt ha!... setze Sie sich, Herr
                        Gàlfink, ich will g'schwind geh d'Karte hole, mr wànn
                        jetz das Ding glich wisse
(se geht in's Zimmer rechts,
                        uf eimol hört me schreie. Dr Zuckerbäck kunnt üse ku
                        springe, er will züer mittlere Thüre-n-iise, wo-n-er
                        awer sieht, ass se verbarrikadiert isch, springt er in
                        's Zimmer links)
.
                    

        
",lustig-dr-chineserfranz,78,5,0.5804189019219004,0.0641025641025641
59,comedy,Herr GALFING,M,,,,"
          
Herr Gàlfink

          
(ohne dr Zuckerbäck z'sàh, geht in dr Tante ergege,
                        wo gauz verstört üse hunnt ku z'laüfe)
                    

          
Was isch?... was git's?... brennt's im Hüs?

        
",lustig-dr-chineserfranz,31,3,0.5855403902366795,0.0967741935483871
60,comedy,Tante DOMINO,F,,,,"
          
Tante.

          
Eh... hàn Se den nit g'sàh?... Ne wisser Schatte wie ne
                        Geist isch nàwe mir dure g'witscht, wie-n-i ine bi.
                    

        
",lustig-dr-chineserfranz,23,2,0.7620242419649255,0.08695652173913043
61,comedy,Herr GALFING,M,,,,"
          
Herr Gàlfink.

          
Sie trumpiert sich, Tante, ich ha nit g'sàh un nit
                        g'hört.
                    

        
",lustig-dr-chineserfranz,13,1,0.578708951845571,0.07692307692307693
62,comedy,Tante DOMINO,F,,,,"
          
Tante.

          
's isch sunderbar... ich hätt jetz g'schwore!
(se
                        sitze-n-an dr Tisch, dr Herr Gàlfink links un d'Tante
                        rechts. Uf dr Tante-n-ihrem Stüehl isch e Kisse)
. Do
                        ha-n-i jetz d'Karte, mr wànn jetz emol lüege...
(se
                        mischelt se)
 hewe Se jetz emol ab, Herr Gàlfink.
                    

        
",lustig-dr-chineserfranz,57,4,0.5458544759227855,0.07017543859649122
63,comedy,Herr GALFING,M,,,,"
          
Herr Gàlfink

          
(hebt se-n-ab)

          
Glaübt Sie denn wirklig an d' Reüssites, Tante Domino?
                    

        
",lustig-dr-chineserfranz,17,2,0.6340685768809051,0.11764705882352941
64,comedy,Tante DOMINO,F,,,,"
          
Tante.

          
Das?... das trifft immer i, was do üse kunnt... 's hat
                        Lit g'ha, se sin züe dr Schlàfere gange-n-uf 
Durni...
                        eh bien, se hätte liewer ihre Geld g'spart un hätte
                        d'Karte consultiert... das isch noch viel sicherer...
                       
(se legt d'Karte, eine nàwe d'andere)
.
                    

        
",lustig-dr-chineserfranz,51,5,0.7805452558754695,0.09803921568627451
65,comedy,Herr GALFING,M,,,,"
          
Herr Gàlfink

          
(fir sich)

          
Ich glaüb, ass ei Mittel 's anders werth isch!

        
",lustig-dr-chineserfranz,15,5,0.5790921346601724,0.3333333333333333
66,comedy,Tante DOMINO,F,,,,"
          
Tante.

          
Do, sàhn Se jetz, isch emol d'Herz-Dame... das isch 's
                        Rosele!... un àne dra
(se steht e wenig uf, fir
                        z'zeige, dr Herr Gàlfink nimmt 's Kisse-n-un sitz druf)

                        isch dr Herz-Bür... das sin Sie... Se sin jetz noch
                        ziemlig wit vonander, awer nur Geduld, das Ding wird
                        sich scho mache.
                    

        
",lustig-dr-chineserfranz,58,4,0.5992095225315883,0.06896551724137931
67,comedy,Herr GALFING,M,,,,"
          
Herr Gàlfink.

          
Güet, güet, Tante... we mr nur z'àmme kamme, das isch
                        d'Haüptsach.
                    

        
",lustig-dr-chineserfranz,15,3,0.7593271002496728,0.2
68,comedy,Tante DOMINO,F,,,,"
          
Tante.

          
Jetz do in dr Mittle sieh-n-i 's Eckstei-Ass... das isch
                        e Brief, wo Sie g'schriwe hàn...
                    

        
",lustig-dr-chineserfranz,19,1,0.5604763704433828,0.05263157894736842
69,comedy,Herr GALFING,M,,,,"
          
Herr Gàlfink

          
(fir sich)

          
Diable, diable... wenn nur d'Adresse nitt druf steht!...
                       
(er lipft sich e wenig fir z'lüege, d' Tante nimmt 's
                        Kisse)
.
                    

        
",lustig-dr-chineserfranz,30,3,0.47410995435742187,0.1
70,comedy,Tante DOMINO,F,,,,"
          
Tante.

          
Oder einer, wo Sie im Sinn hàn z'schriwe... in wem
                        kännte Sie jetz schriwe, Herr Gàlfink?
                    

        
",lustig-dr-chineserfranz,18,1,0.578708951845571,0.05555555555555555
71,comedy,Herr GALFING,M,,,,"
          
Herr Gàlfink.

          
Kännt's viellicht nitt o ne Depesche si, Tante, ich
                        möcht ewe telegraphiere fir z'wisse, was fir Nümero as
                        üse ku sin im letschte Tirage.
                    

        
",lustig-dr-chineserfranz,28,5,0.48083191719516566,0.17857142857142858
72,comedy,Tante DOMINO,F,,,,"
          
Tante.

          
Ah! do isch's halt das... do sàhn Se, d'g'heimste
                        Gedanke thien d'Karte-n-errothe!
                    

        
",lustig-dr-chineserfranz,18,1,0.3111065596608406,0.05555555555555555
73,comedy,Herr GALFING,M,,,,"
          
Herr Gàlfink

          
(ribt si d'Hand. Züem Public)

          
Wie finde-n-ihr se?

        
",lustig-dr-chineserfranz,15,2,0.34219840414720537,0.13333333333333333
74,comedy,Tante DOMINO,F,,,,"
          
Tante.

          
Un sàhn Se do,
(se steht uf fir z'zeige, dr Herr Gàlfink
                        nimmt 's Kisse)
 nàwe dem Brief lige vier Zehner
                        nàwenander... das beditet Geld, viel Geld! Das isch 's
                        grosse Loos, Sie sin e Glickskind, Herr Gàlfink... Sie
                        känne herzhaft d'guldige Domino b'stelle.
                    

        
",lustig-dr-chineserfranz,49,7,0.637930037859267,0.14285714285714285
75,comedy,Herr GALFING,M,,,,"
          
Herr Gàlfink.

          
Jà, un 's Rosele?

        
",lustig-dr-chineserfranz,6,1,0.578708951845571,0.16666666666666666
77,comedy,Herr GALFING,M,,,,"
          
Herr Gàlfink.

          
Aha... me legt se-n-eso d'Karte, bis ass me findet drin,
                        was me gern hat?...
                    

        
",lustig-dr-chineserfranz,19,2,0.6748084626263149,0.10526315789473684
78,comedy,Tante DOMINO,F,,,,"
          
Tante.

          
Sàhn Se jetz... jetz sin Se schier bi dr Herz-Dame, nur
                        isch noch e schwarzer Bür derzwische... was ka jetz das
                        fir e Schwarzer si, wo derzwische-n-isch?...
(fir sich)

                        's isch doch nitt dr Herr Alfred, ne Zuckerbäck, dà
                        isch jo wiss.
                    

        
",lustig-dr-chineserfranz,47,5,0.40819607270124914,0.10638297872340426
79,comedy,Herr GALFING,M,,,,"
          
Herr Gàlfink

          
(steht uf un lüegt. D'Tante nimmt 's Kisse)

          
Eh... me därf ne jo nur eweg nàh, wenn er eim geniert!
                    

        
",lustig-dr-chineserfranz,25,3,0.7055404753282607,0.12
80,comedy,Tante DOMINO,F,,,,"
          
Tante.

          
Jà, das geht nitt eso... 's isch g'schriwe, ass e
                        Schwarzer derzwische kunnt, un 's kunnt e Schwarzer
                        derzwische... das känne Sie nitt àndere!
                    

        
",lustig-dr-chineserfranz,25,2,0.3093252502169902,0.08
81,comedy,Herr GALFING,M,,,,"
          
Herr Gàlfink.

          
Lost Se, Tante, ich ha jetz g'nüe vo dem Làrifàri... we
                        mr giengte geh ne Tournée mache-n-uf dr Màss.. 
d'Sunne
                        schint so schön... 's wàr schad, we me that in dr Stuwe
                        bliwe.
                    

        
",lustig-dr-chineserfranz,38,5,0.5518158020989657,0.13157894736842105
82,comedy,Tante DOMINO,F,,,,"
          
Tante.

          
Ich hätt jetz liewer e Domino g'macht, denn 's isch
                        heiss duss... awer ich kumm doch mit...
(fir sich)
 's
                        isch ewe ne Wilder uf dr Màss, e Neger, un ich sieh se
                        züe gern... wenn dr Herr Gàlfink 's grosse Loos
                        g'winnt, so müess er mir einer kaüfet 's sin züe schöne
                        Lit... schön g'wachse-n-un alles...
                    

        
",lustig-dr-chineserfranz,62,12,0.6368045285642062,0.1935483870967742
83,comedy,Herr GALFING,M,,,,"
          
Herr Gàlfink.

          
Also, so geh mr, Tante?
(fir sich)
 's isch ewe ne dicke
                        Fraü dert, eso Eine
(er zeigt mit de Hànd)
, wenn i 's
                        grosse Loss g'winn, so kaüf i se mit samt dr Baracke.
                    

        
",lustig-dr-chineserfranz,41,3,0.42611236541721903,0.07317073170731707
84,comedy,Tante DOMINO,F,,,,"
          
Tante.

          

            
Mr wànn uf d'Màss spaziere,

            
's geht als Iustig züe,

            
Me ka sich amüsiere

            
Dert als bis genüe.

          

        
",lustig-dr-chineserfranz,20,2,0.763,0.1
85,comedy,Herr GALFING,M,,,,"
          
Herr Gàlfink.

          

            
Me sieht dert dicke Fraüe .

          

        
",lustig-dr-chineserfranz,7,1,0.578708951845571,0.14285714285714285
89,comedy,Tante DOMINO,F,,,,"
          
Warte Se ne-n-Aügesblick, Herr Gàlfink, ich will nur
                        g'schwind geh mi Hüet un mi Shawl alege
(se geht 
in's
                        Zimmer links un losst e Schrei üs. Dr Zuckerbäck kunnt
                        üse ku springe un laüft in's Zimmer rechts, ohne-n-ass
                        ne dr Herr Gàlfink sieht)
. Dr Geist! dr Geist!
(se
                        kunnt üse)
 Hàn Se jetz g'sàh, Herr Gàlfink?
                    

        
",lustig-dr-chineserfranz,66,8,0.5532087714988949,0.12121212121212122
90,comedy,Herr GALFING,M,,,,"
          
Herr Gàlfink.

          
Ich gIaüb décidément Sie traümt, Tante; siter ass ich
                        vom grosse Loos g'red ha, isch se ganz üsser sich!
                    

        
",lustig-dr-chineserfranz,21,3,0.7504990383796161,0.14285714285714285
91,comedy,Tante DOMINO,F,,,,"
          
Tante.

          
Das isch jetz doch sunderbar!... ich hätt jetz
                        g'schwore, ass ebbes Wisses nàwe mir
                        dureg'loffe-n-isch... Kämme Se, Herr Gàlfink!
                    

        
",lustig-dr-chineserfranz,22,2,0.44535447592278554,0.09090909090909091
92,comedy,Herr GALFING,M,,,,"
          
Herr Gàlfink.

          
En route, Tante!
(se mache Tisch un Stiehl vo dr
                        Thüre)
.
                    

        
",lustig-dr-chineserfranz,15,1,0.578708951845571,0.06666666666666667
93,comedy,Tante DOMINO,F,,,,"
          
Tante

          
(geht z'erst üse)

          
Gschpliesse Se d'Thüre güet züe un gàn Se mir dr
                        Schlissel derno.
                    

        
",lustig-dr-chineserfranz,20,1,0.8496361744517235,0.05
94,comedy,Herr GALFING,M,,,,"
          
Herr Gàlfink.

          
Jà, un 's Rosele, wenn's heimkunnt?

        
",lustig-dr-chineserfranz,9,1,0.578708951845571,0.1111111111111111
95,comedy,Tante DOMINO,F,,,,"
          
Tante.

          
's Rosele hat allewil e Schlissel im Sack, im Fall ass
                        ich nitt d'heim bi.
                    

        
",lustig-dr-chineserfranz,17,2,0.5437941786174569,0.11764705882352941
96,comedy,Herr GALFING,M,,,,"
          
Herr Gàlfink.

          
Güet... gehn Se-n-efange, ich will nur g'schwind mi Hüet
                        un mi Stock nàh
(er geht üse-n-un gschpliesst d 'Thüre
                        züe)
.
                    

        
",lustig-dr-chineserfranz,28,4,0.612469218456763,0.14285714285714285
97,comedy,Herr ALFRED,M,,,,"
          
Herr Alfred

          
(kunnt üse)

          
Jà, jà!... jetz stand i schön... ig'sperrt im e fremde
                        Hüs... un noch derzüe grad hit, am e Sunntig, wo-
n-ich
                        am meiste z'thüe ha!... In mim Oncle si Koch, dr Neger,
                        wo-n-er mitbrocht hat üs Amerika, dà isch wohl d'heim
                        im Àtelier... er hilft mr als e wenig, wenn i pressiert
                        bi... awer was ka-n-er mache, wenn ich nitt bi-n-em
                        bi?... er ka jo nitt emol recht rede!... d'einzige
                        Hoffnung, wo-n-i jetz ha, das isch, ass 's Rosele
                        viellicht glich heimkunnt und mich befreit, es, wo ne
                        Schlissel hat.. . was wott ich sage, wenn mich ebber
                        thàt verwitsche do?... Aha, still! ich bi erlöst!... do
                        isch's... 's kunnt d'Stege-n-ufe... jetz steckt's dr
                        Schlissel in's Schloss...
(er steht züe dr Thüre, se
                        geht uf, dr Neger kunnt inne mit ere Tarte; dr Herr
                        Alfred, ohne lang z'lüege, fallt em um dr Hals)
 O
                        Rosele, lieb Rosele!
(se fahre beide üsenander un lehn
                        e Schrei üs)
.
                    

        
",lustig-dr-chineserfranz,185,17,0.6204978404130251,0.0918918918918919
99,comedy,Herr ALFRED,M,,,,"
          
Herr Alfred.

          
Was dr Kückücks kunnsch Dü do ku mache?

        
",lustig-dr-chineserfranz,10,2,0.5432362870455969,0.2
100,comedy,TOM,M,,,,"
          
Tom

          
Jumpfer Rosele züe mir ku... so g'sàit: nimm das
(er
                        zeigt uf d'Tarte)
 un bring's Tante ich sie g'sàh
                        furtgeh, Nieme d'heim... do Schlissel... dü warte dert
                        e wenig, ich glich kumm... awer Achtung gà, dich nitt
                        verwitsche lo... ich will Surprise mache dr Tante
(er
                        legt si Tarte newe d'andere)
.
                    

        
",lustig-dr-chineserfranz,60,9,0.5159865638638846,0.15
101,comedy,Herr ALFRED,M,,,,"
          
Herr Alfred.

          
Ah!... 's Rosele kunnt glich... güet, ich will e wenig
                        warte... d'Tante-n-isch uf d'Màss, die kunnt so
                        g'schwind nitt z'ruck!
                    

          

            
G'sang

            
(chers amis)

            
Vor lüter Freid thüet jetz mi Herz scho schlage,

            
Denn 's isch e Glick als fir mich, wenn ich ka

            
Mit ganzem Herz im Rosele-n-als sage,

            
Wie gern ich's ha. 
(bis)

          

          

        
",lustig-dr-chineserfranz,68,14,0.6434309344632612,0.20588235294117646
102,comedy,TOM,M,,,,"
          
Tom.

          

            
Er nitt dumm, er nitt dumm, ich hör's ihm a;

            
Ich o verliebt, doch nie nit traüe sage,

            
Wie gern ich's ha. 
(bis)

          

        
",lustig-dr-chineserfranz,28,4,0.5276036165637656,0.14285714285714285
103,comedy,Herr ALFRED,M,,,,"
          
Herr Alfred.

          
Awer sag, Tom, das isch jo die Tarte, wo dà Herr
                        b'stellt hat dà Morge un wo me hätt solle in's
                        Rosegàssle trage!
                    

        
",lustig-dr-chineserfranz,26,3,0.58421401288073,0.11538461538461539
105,comedy,Herr ALFRED,M,,,,"
          
Herr Alfred.

          
Still, do isch jetz 's Rosele.
(er laüft an d'Thüre, se
                        geht uf un d'Tante kunnt ine, Dr Herr Alfred, ohne lang
                        z'lüege, fallt ere mu dr Hals)
 Lieb Rosele!
(se lehn
                        alle drei e Schrei üs; dr Tom laüft in's Zimmer links,
                        dr Herr Alfred in's Zimmer rechts)
.
                    

        
",lustig-dr-chineserfranz,60,8,0.5924339895142146,0.13333333333333333
106,comedy,Tante DOMINO,F,,,,"
          
Tante

          
(zur Thüre-n-üse)

          
Z'Hilf! z'Hilf'!... dr Geist... er hat mi um dr Hals
                        gnu!
                    

        
",lustig-dr-chineserfranz,20,1,0.7001360097906396,0.05
107,comedy,Herr GALFING,M,,,,"
          
Herr Gàlfink

          
(kunnt ine; er hat nit a as d'Hose, er hebt se mit
                        de Hànd, d'Hosetràgsr hànke-n-sm hinte-n-awe)
                    

          
Was isch... was git's... me ka nitt emol riehig si
                        Finett changiere do!
                    

        
",lustig-dr-chineserfranz,41,1,0.578708951845571,0.024390243902439025
108,comedy,Tante DOMINO,F,,,,"
          
Tante

          
(zeigt uf's Zimmer rechts)

          
Dert!...
(se zittert)
.

        
",lustig-dr-chineserfranz,13,1,0.714,0.07692307692307693
109,comedy,Herr GALFING,M,,,,"
          
Herr Gàlfink.

          
Was isch eigentlig jetz das fir e Geisterg'schichte
                        hit?...ich möcht nur emol einer sàh!... Ouf! was 
fir e
                        Hitz... un was Lit uf dere Màss... nei nei, ich ha
                        liewer nitt welle züe dr Dicke ine geh... mr hàn recht
                        g'ha, Tante, ass mr glich wieder umkehrt sin... 's isch
                        nitt züem üshalte gsi!
                    

        
",lustig-dr-chineserfranz,57,7,0.6172211254039157,0.12280701754385964
110,comedy,Tante DOMINO,F,,,,"
          
Tante.

          
Oh!... ich bitt Se drum, Herr Gàlfink, gehn Se doch emol
                        geh lüege... dert isch er ine g'sprunge
(se zeigt
                        rechts)
.
                    

        
",lustig-dr-chineserfranz,24,2,0.43535447592278553,0.08333333333333333
111,comedy,Herr GALFING,M,,,,"
          
Herr Gàlfink.

          
Sie sieht nit ass Geister hit, Tante.

        
",lustig-dr-chineserfranz,9,2,0.6394224808181053,0.2222222222222222
112,comedy,Tante DOMINO,F,,,,"
          
Tante.

          
Wenn ich sag!... er isch ganz wiss.

        
",lustig-dr-chineserfranz,8,1,0.8004800063959763,0.125
113,comedy,Herr GALFING,M,,,,"
          
Herr Gàlfink

          
(nimmt d'Tante am Arm un fiehrt se fire)

          
Weisst Sie denn nitt, voyons Tante, ass es keine Geister
                        meh git
(dr Herr Alfred springt üse un laüft dervo. Se
                        kehre sich beide um un sàhn en üse witsche)
.
                    

        
",lustig-dr-chineserfranz,45,4,0.5287076033812025,0.08888888888888889
115,comedy,Herr GALFING,M,,,,"
          
Herr Gàlfink.

          
Sapristi... jà do!... hewe ne, hewe ne... ich müess vor
                        allem z'erst mine Hose hewe... hätt Sie-n-en g'hebt!...
                        ich will jetz geh mi Finett changiere
(er geht üse. Dr
                        Tom lüegt üse links)
.
                    

        
",lustig-dr-chineserfranz,40,2,0.6480851896376307,0.05
116,comedy,Tante DOMINO,F,,,,"
          
Tante

          
(wo ne sieht)

          
Herr Gàlfink! Herr Gàlfink!!.. er isch scho wieder
                        do!... awer jetz isch er schwarz!
(Tom macht d'Thüre
                        züe)
.
                    

        
",lustig-dr-chineserfranz,27,4,0.5376353533557856,0.14814814814814814
117,comedy,Herr GALFING,M,,,,"
          
Herr Gàlfink

          
(kunnt z'ruck)

          
Das isch 'jetz doch sunderbar... mr wànn jetz emol
                        lüege, was das eigentlig isch... hebt Se mir emol mine
                        Hose, Tante...
(Se steht hinte-n-au em un hebt em
                        d'Hose. Dr Heu Gàlfink speit in d'Hand. Uf eimol kunnt
                        dr Neger üse ; se gehn beide hintersi z'ruck.)

                    

        
",lustig-dr-chineserfranz,60,6,0.4894025500376971,0.1
118,comedy,TOM,M,,,,"
          
Tom

          
(fir sich)

          
Ich liewer alles sage.
(züer Tante)
 Ich Neger...

        
",lustig-dr-chineserfranz,15,2,0.6721722467993629,0.13333333333333333
119,comedy,Tante DOMINO,F,,,,"
          
Tante

          
(züem Herr Galfink)

          
Er Neger...
(se b'schaüe ne verwundert)
.

        
",lustig-dr-chineserfranz,14,1,0.578708951845571,0.07142857142857142
120,comedy,Herr GALFING,M,,,,"
          
Herr Gàlfink.

          
Vo Riedese?...

        
",lustig-dr-chineserfranz,4,1,0.578708951845571,0.25
121,comedy,TOM,M,,,,"
          
Tom

          
(stolz)

          
Ich Mississippi-Neger!

        
",lustig-dr-chineserfranz,6,1,0.7289999999999999,0.16666666666666666
122,comedy,Tante DOMINO,F,,,,"
          
Tante

          
(züem Herr Gàlfink)

          
Er Missippippi-Neger...

        
",lustig-dr-chineserfranz,8,1,0.578708951845571,0.125
123,comedy,Herr GALFING,M,,,,"
          
Herr Gàlfink.

          
Me ka's jo prawiere
(er macht ei Hosetràger a, speit uf
                        si Nastücchzipfel un ribt am Neger siner Hand).

                    

        
",lustig-dr-chineserfranz,24,3,0.6588357371201937,0.125
125,comedy,Herr GALFING,M,,,,"
          
Herr Gàlfink.

          
Allons, allons... 's isch e güete Farb... 's isch nit
                        dervo abgange!
                    

        
",lustig-dr-chineserfranz,14,2,0.7141725631486473,0.14285714285714285
126,comedy,TOM,M,,,,"
          
Tom.

          
Ich dà Morge Herr Alfred gsi un...

        
",lustig-dr-chineserfranz,8,2,0.5869665433983096,0.25
127,comedy,Tante DOMINO,F,,,,"
          
Tante

          
(unterbricht ne. Fir sich)

          
Wenn er dà Morge dr Herr Alfred gsi isch, so wird er's
                        jetz noch si... Tiens, 's Rosele hat mir nitt g'sàit,
                        ass es e Neger isch, si Alfred!...
(schlat si an
                        d'Stirn)
 eh! wie ha-n-ich's awer a nitt g'merkt!...
                        natirlig isch's e Neger, wil er in Amerika uf d'Welt ku
                        isch !
                    

        
",lustig-dr-chineserfranz,68,8,0.5623783012209747,0.11764705882352941
128,comedy,Herr GALFING,M,,,,"
          
Herr Gàlfink.

          
Enfin, mache-n-ihr's üs mitnander.... ich will jetz emol
                        geh mi Finett changiere!
(er geht üse)
.
                    

          

        
",lustig-dr-chineserfranz,22,2,0.6895944791207735,0.09090909090909091
129,comedy,TOM,M,,,,"
          
Tom

          
(zeigt uf d'Tarte)

          
Ich das brocht... Jumpfere mir Schlissel gà...

        
",lustig-dr-chineserfranz,14,3,0.6200188694387164,0.21428571428571427
130,comedy,Tante DOMINO,F,,,,"
          
Tante.

          
Aha!... jetz merk i's scho... Ihr hà mr welle ne
                        Surprise mache... das güete Rosele!
(fir sich)
 wer hat
                        denn awer d'andere Tarte brocht? Er isch gar nitt
                        schlecht, dr Herr Alfred
(se b'schaüt ne mit
                        Wohlg'falle)
 so hätt's mr's denn glich g'sàit, ass es e
                        Neger isch!... e Neger!... ich ha allewil denkt, wenn
                        ich doch nur emol einer vo ganz nooch kannt b'schaüe
                       
(dr Neger lacht se zartlig a)
 wenn's nitt wàr wege-n-em
                        Dominospiele mit em Herr Gàlfink, so wàr ich im Rosele
                        gar nitt derwider, wenn's ne thàt hirothe... ich hätt
                        scho lang gern e Neger um mich umme g'ha... er kännt mr
                        als dr Schlepp trage!... ich kannt ihn jo awer lehre
                        Domino spiele, derno kännt er dr Herr Gàlfink
                        remplaciere!... das isch e-n-Idee... wenn er's derno
                        ka, so derfe se hirothe
(züem Neger)
 Sie Domino
                        spiele?...
(züem Public)
 hein, wie-n-ich scho güet
                        Negerditsch ka rede?...
                    

        
",lustig-dr-chineserfranz,174,15,0.6328103951380292,0.08620689655172414
131,comedy,TOM,M,,,,"
          
Tom.

          
Ich nitt stark... ich als liewer mit Messer g'spielt!
                       
(er macht d'Bewegung vom Scalpiere un rollt
                        ferchterlige-n-Aüge)
.
                    

        
",lustig-dr-chineserfranz,23,3,0.7328625848617567,0.13043478260869565
132,comedy,Tante DOMINO,F,,,,"
          
Tante

          
(fir sich)

          
Isch er schön, dà Neger, wenn er eso macht!... wenn er
                        nur thàt wild werde un thàt mi e wenig wirge... nitt
                        stark... nur fir z'sàh, wie's eim si mag, we me vo de
                        Wilde-n-iwerfalle wird... ich ha dert ewe-n-eso ne
                        Roman g'lese... brrr!...
(züem Neger)
 ich Sie lehre
                        Domino spiele
(fir sich)
 ich brüch jo eigentlig nitt
                        Negerditsch mit em z'rede, er ka jo Milhüserditsch,
                       
(züem Neger)
 Setze Se sich emol do ane, mr wànn lüege,
                        was Se känne...
(dr Neger sitzt an Tisch, se sitzt
                        züe-n-em nimmt d'Domino un mischelt se)
 so, wie viel
                        nàmme mr?
                    

        
",lustig-dr-chineserfranz,121,12,0.46901054446332724,0.09917355371900827
134,comedy,Tante DOMINO,F,,,,"
          
Tante.

          
Eh bien, sechse
(se nàmme sechs Domino)
.

        
",lustig-dr-chineserfranz,10,1,0.8239124741392112,0.1
138,comedy,Tante DOMINO,F,,,,"
          
Tante.

          
Eh, ich ha jo o kei fünf...
(fir sich)
 jetz wird mr
                        glich dà Espèce Neger do in siner Dummheit e Parthie
                        abg'winne!
                    

        
",lustig-dr-chineserfranz,26,3,0.4964681068356771,0.11538461538461539
143,comedy,TOM,M,,,,"
          
Tom.

          
Nei, ich schwarz am ganze Lib... wiss un zwei!

        
",lustig-dr-chineserfranz,10,3,0.5309791492829284,0.3
146,comedy,Tante DOMINO,F,,,,"
          
Tante.

          
Eh! das isch jo pràchtig
(fir sich)
 er meint noch, er
                        seig nitt stark, er isch noch stärker ass dr Herr
                        Gàlfink, drum weiss i nitt, worum ass er 's Rosele nitt
                        sott hirothe.
(züem Tom)
 Sie wotte-n-also mi Nièce, 's
                        Rosele, hirothe?...
                    

        
",lustig-dr-chineserfranz,50,5,0.6017885591535785,0.1
148,comedy,Tante DOMINO,F,,,,"
          
Tante.

          
Sie brüche sich nitt z'verstelle... ich weiss alles...
                        's Rosele hat mr g'sàit, ass es Sie gern hat un ass es
                        kei anderer Mann will.
                    

        
",lustig-dr-chineserfranz,27,2,0.7266494930057081,0.07407407407407407
149,comedy,TOM,M,,,,"
          
Tom.

          
Ah!... wenn das isch... mir scho recht... Rosele schöne
                        Jumpfre... wenn dr Hochzitstag?
                    

        
",lustig-dr-chineserfranz,14,2,0.7012594361504272,0.14285714285714285
151,comedy,TOM,M,,,,"
          
Tom.

          
Ich frei... ich mache ka, was' ich will!

        
",lustig-dr-chineserfranz,9,1,0.7149580214610078,0.1111111111111111
152,comedy,Tante DOMINO,F,,,,"
          
Tante

          
(fir sich)

          
Das isch alles recht, awer 's isch mr èwe nur um's
                        Vermöge... wenn dr Oncle nitt z'friede-n-isch, so git
                        er in sim Neveu nit, das isch klar... doch still, do
                        kunnt jetz 's Rosele glaüb?
(züem Tom)
 wisse Sie was...
                        gehn Se ne wenig dert ine
(se zeigt uf d'Thüre links)
,
                        mr wànn im Rosele jetz o ne Surprise mache.
(se schiebt
                        ne ine, me klopft a)
 Entrez!
(dr Herr Samüel kunnt
                        ine)
.
                    

        
",lustig-dr-chineserfranz,91,8,0.6626546355511365,0.08791208791208792
153,comedy,Herr SAMÜEL,M,,,,"
          
Herr Samüel

          
(salütiert un schaüt ummenander. Fir sich).

          
Aha, do isch jetz emol d'Tante... d'Nièce wird nitt wit
                    si... 's isch eso ziemlig süfer do!
(züer Tante)

                    Verzeihe Se, wohnt nitt do ne g'wisser Herr... Knopf?

        
",lustig-dr-chineserfranz,42,6,0.6241013651643346,0.14285714285714285
154,comedy,Tante DOMINO,F,,,,"
          
Tante.

          
Knopf... Knopf... nei, 's wohnt Nieme-n-eso im Hüs...
                        Herr Gàlfink, wànn Sie sage?...
                    

        
",lustig-dr-chineserfranz,16,2,0.6244287742322079,0.125
155,comedy,Herr SAMÜEL,M,,,,"
          
Herr Samuel.

          
Verzeihe Se... nitt wohr, Sie erlaüwe mir e wenig
                        z'sitze?
(er nimmt e Stüehl un sitzt)
 mine Bei sin
                        efange alt, un das Stege-n-ufegeh thüet mich famos
                        agriffe!... frieiher, jà, wo me noch sine achtzeh Johr
                        g'ha hat, do isch's als ganz anderscht gsi... do hat me
                        d'Stege nitt emol brücht, me isch züem Fenster üse
                        g'sprunge, wenn's pressiert hat... alleweg, ich ha das
                        emol g'macht, un grad siter sàllemol ha-n-ich eso ne
                        Espèce Stich im linke Bei...
                    

        
",lustig-dr-chineserfranz,90,9,0.6809280675551811,0.1
156,comedy,Tante DOMINO,F,,,,"
          
Tante.

          
Tiens, tiens, tiens!... ah! Sie sin emol züem Fenster
                        üse g'sprunge?
(fir sich)
 grad as wie dr Samüel!
                    

        
",lustig-dr-chineserfranz,21,2,0.5605878008310838,0.09523809523809523
157,comedy,Herr SAMÜEL,M,,,,"
          
Herr Samüel.

          
Pardon, ich verzähl Ihre do Sache, wo Sie gar nitt
                        intressiere wird... ich ha jetz üsg'rüeht un will Sie
                        nitt langer belästige...
                    

        
",lustig-dr-chineserfranz,24,2,0.5533585171557529,0.08333333333333333
158,comedy,Tante DOMINO,F,,,,"
          
Tante.

          
Gar nitt... gar nitt... Sie thien mich gar nitt
                        belastige, Herr...
                    

        
",lustig-dr-chineserfranz,12,1,0.578708951845571,0.08333333333333333
159,comedy,Herr SAMÜEL,M,,,,"
          
Herr Samüel.

          
Samüel !

          

        
",lustig-dr-chineserfranz,3,1,0.578708951845571,0.3333333333333333
160,comedy,Tante DOMINO,F,,,,"
          
Tante

          
(verwundert)

          
Herr Samüel?
(fir sich)
 Hein! er heisst Samüel!...
                        tiens, tiens, tiens,
(se b'schaüt ne)
 wenn's doch...
                        worum nitt?... 's isch jetz vierzig Johr, un in vierzig
                        Johr ka me changiere... un er isch mer glich e wenig
                        bekannt vorku... ich will's jetz glich wisse...
                    

        
",lustig-dr-chineserfranz,54,3,0.5943446947622726,0.05555555555555555
161,comedy,Herr SAMÜEL,M,,,,"
          
Herr Samüel.

          
Also wohnt Nieme-n-eso do?... isch Sie allei do im
                        Hüs?
                    

        
",lustig-dr-chineserfranz,14,3,0.5114577430850634,0.21428571428571427
162,comedy,Tante DOMINO,F,,,,"
          
Tante.

          
Mi Nièce isch bi mr un dert newe-n-uns wohnt dr Herr
                        Gàlfink... Hàn Sie nitt g'sàit, Sie hewe dr Stich im
                        Bei vom Springe?... ich ka Sympathie tir das... nur
                        isch's jetz wohrschinlig scho ne wenig lang, ass Sie's
                        hàn, nitt wohr?...
                    

        
",lustig-dr-chineserfranz,47,3,0.6434240533397754,0.06382978723404255
163,comedy,Herr SAMÜEL,M,,,,"
          
Herr Samüel.

          
Ne so ebbes wie vierzig Johr.

        
",lustig-dr-chineserfranz,8,1,0.578708951845571,0.125
164,comedy,Tante DOMINO,F,,,,"
          
Tante

          
(ufg'regt)

          
Un derno... isch's vo hoch, as Sie üseg'sprunge sin?

        
",lustig-dr-chineserfranz,14,1,0.5117384753857362,0.07142857142857142
165,comedy,Herr SAMÜEL,M,,,,"
          
Herr Samüel.

          
So ziemlig... vom erste Stock.

        
",lustig-dr-chineserfranz,7,3,0.5628597179668104,0.42857142857142855
166,comedy,Tante DOMINO,F,,,,"
          
Tante.

          
Wohrschinlig isch's wege-n-ere Jumpfre gsi, nitt wohr,
                        wo Sie sàller Tag fir nit un wieder nit compromettiert
                        un derno im Stich g'lo hàn?...
                    

        
",lustig-dr-chineserfranz,27,2,0.6226827906605837,0.07407407407407407
167,comedy,Herr SAMÜEL,M,,,,"
          
Herr Samüel

          
(verwundert)

          
Tiens, wie weisst Sie das?

        
",lustig-dr-chineserfranz,10,1,0.578708951845571,0.1
168,comedy,Tante DOMINO,F,,,,"
          
Tante

          
(steht vorne an en)

          
B'schaüe Sie mich emol recht, Herr Samüel.

        
",lustig-dr-chineserfranz,14,2,0.6093983012667257,0.14285714285714285
169,comedy,Herr SAMÜEL,M,,,,"
          
Herr Samüel

          
(b'schaüt se, uf eimol springt er uf)

          
Schelastika, Sie! Dü! isch's möglig?

        
",lustig-dr-chineserfranz,17,3,0.6689029839485237,0.17647058823529413
170,comedy,Tante DOMINO,F,,,,"
          
Tante

          
(freidig)

          
Er hat mich erkennt.
(se fallt em um dr Hals)
 Jà,
                        Samüel... Di Schelastika, wo Dich eso gern g'ha hat,
                        wieschter Mensch, un wo Dü-n-eso lichtsinnig verlo
                        hasch!
                    

        
",lustig-dr-chineserfranz,36,3,0.4459130093881262,0.08333333333333333
171,comedy,Herr SAMÜEL,M,,,,"
          
Herr Samüel

          
(macht si los)

          
Los, Schelastika, 's isch g'wiss nitt mi Schuld gsi!...
                        wo-n-ich sàller Tag züem Fenster üse g'sprunge bi, so
                        hat sich's grad troffe, ass mi Vater dure-n-isch... ich
                        bi-n-em schier uf d'Nase gumpt... un grad sàller Tag
                        isch a ne Brief ku üs Amerika vo mim Oncle, wo g'sàit
                        hat, ass er mich erwartet... mi Vater hat ne schint's
                        g'frogt g'ha, eb er mich kännt züe-n-em schicke, wil
                        ich do ne wenig z'wild g'macht ha... Sàlle Nacht noch
                        ha-n-i miesse mi Kuffer packe un dr ander Morge frieih
                        hat er mich selbst an d'Isebahn begleitet... er isch
                        nitt vo mr g'wiche!... awer ich ha Dir jo ne paarmol
                        g'schriwe üs Amerika, un Dü hasch mir nie kei Antwort
                        gà?
                    

        
",lustig-dr-chineserfranz,140,17,0.6407621171605129,0.12142857142857143
173,comedy,Herr SAMÜEL,M,,,,"
          
Herr Samüel.

          
So hat se halt mi Oncle z'ruck b'halte.

        
",lustig-dr-chineserfranz,11,3,0.3989793239939574,0.2727272727272727
174,comedy,Tante DOMINO,F,,,,"
          
Tante.

          
's isch möglig... awer sag, wie alt bisch Dü worde, mi
                        liewer Samüel!... ich hätt Dich nimmig erkennt
(fir
                        sich)
 un wege so me Kopf ha-n-ich eso lang grine!... O
                        Jugend! o Jugend!...
                    

        
",lustig-dr-chineserfranz,38,6,0.6335587626774434,0.15789473684210525
175,comedy,Herr SAMÜEL,M,,,,"
          
Herr Samuel.

          
Mi Galanterie losst mir's nitt züe, Dir 's gliche
                        z'sage, awer Dü kasch wahl denke, ass De o nimmig hitig
                        bisch.
(fir sich)
 Isch die wiescht worde!... un fir eso
                        ne Profil ha-n-ich riskiert, mir dr Hals z'breche!...

                        wie isch me doch so dumm, we me jung isch!...
(züer
                        Tante)
 awer sag jetz, Schelastika, Dü weisch doch
                        g'wiss nitt, worum ass ich eigentlig do ane ku bi?
                    

        
",lustig-dr-chineserfranz,78,9,0.45404758556402997,0.11538461538461539
176,comedy,Tante DOMINO,F,,,,"
          
Tante.

          
Eh, wege dem Herr Knopf, wo do sott wohne.

        
",lustig-dr-chineserfranz,10,2,0.7013107129923911,0.2
177,comedy,Herr SAMÜEL,M,,,,"
          
Herr Samüel.

          
Dü bisch nitt drin!... das isch nur e-n-Üsred gsi...
                        weisch Dü, ass ich im Alfred si Oncle bi?
                    

        
",lustig-dr-chineserfranz,22,1,0.578708951845571,0.045454545454545456
179,comedy,Herr SAMÜEL,M,,,,"
          
Herr Samüel.

          
Ich... ich ha mr vorgnu g'ha, ku z'lüege, was eigentlig
                        das fir e Person isch, wo-n-er eso vernarrt isch in
                        se... à propos, wo isch se, Di Nièce, ich ha se no nitt
                        g'sàh?
                    

        
",lustig-dr-chineserfranz,39,3,0.5027610099015137,0.07692307692307693
180,comedy,Tante DOMINO,F,,,,"
          
Tante.

          
's Rosele-n-isch z'Visite bi-n-ere Frindin... oh!... 's
                        isch e güet Kind, wo dr Herr Alfred g'wiss glicklig
                        macht!
(fir sich)
 ich halt ewe jetz an mim Neger!
                    

        
",lustig-dr-chineserfranz,35,7,0.6631427463359005,0.2
181,comedy,Herr SAMÜEL,M,,,,"
          
Herr Samüel.

          
Ich zwifel nitt dra... un wil's jetz eso isch, so gib
                        ich mi Iwilligung scho züem vorüs.... wenn mir nitt
                        glicklig hàn känne si, so wà mr doch uf's wenigst unsre
                        Kinder glicklig mache, nitt wohr, Schelastika?
                    

        
",lustig-dr-chineserfranz,41,9,0.7436136894041685,0.21951219512195122
182,comedy,Tante DOMINO,F,,,,"
          
Tante.

          
Mr wànn's hoffe... ich gunn 's Rosele im Herr Alfred, er
                        bikunnt g'wiss e güete Fraü, awer hein, wie dà-n-eso
                        schön schwarz isch?
                    

        
",lustig-dr-chineserfranz,27,5,0.6177207750142222,0.18518518518518517
183,comedy,Herr SAMÜEL,M,,,,"
          
Herr Samüel.

          
Wer?

        
",lustig-dr-chineserfranz,3,1,0.578708951845571,0.3333333333333333
184,comedy,Tante DOMINO,F,,,,"
          
Tante.

          
Eh, dr Herr Alfred, parbleu!

        
",lustig-dr-chineserfranz,6,2,0.7013107129923911,0.3333333333333333
185,comedy,Herr SAMÜEL,M,,,,"
          
Herr Samüel.

          
Dr Alfred schwarz?... ich glaüb, Dü traümsch!

        
",lustig-dr-chineserfranz,9,3,0.5724783596735328,0.3333333333333333
186,comedy,Tante DOMINO,F,,,,"
          
Tante.

          
Was traüme!... er glànzt jo ganz vor Schwärze!... De
                        wirsch's doch ebbe nitt welle verstecke?... De weisch,
                        's macht mr nit, im Gegetheil... ich hätt scho lang
                        gern e Neger um mich umme g'ha!...
                    

        
",lustig-dr-chineserfranz,36,4,0.695798580445995,0.1111111111111111
187,comedy,Herr SAMÜEL,M,,,,"
          
Herr Samüel.

          
Was dr Kückücks verzahlsch jetz Dü mir do vo Neger!...
                        Ich weiss nitt...
                    

        
",lustig-dr-chineserfranz,15,1,0.578708951845571,0.06666666666666667
188,comedy,Tante DOMINO,F,,,,"
          
Tante

          
(unterbricht ne)

          
Ah çà!... De wirsch doch ebbe nitt welle làigne, ass dr
                        Herr Alfred e Neger isch!
                    

        
",lustig-dr-chineserfranz,21,2,0.431229975335124,0.09523809523809523
189,comedy,Herr SAMÜEL,M,,,,"
          
Herr Samüel.

          
Par exemple!

        
",lustig-dr-chineserfranz,4,1,0.578708951845571,0.25
190,comedy,Tante DOMINO,F,,,,"
          
Tante.

          
's Rosele hat mr ne jo hit do ane g'schickt mit ere
                        Tarte... wohrschinlig, ass ich ne soll lehre kenne...
                        un, du reste, er hat mr's jo selwer gsàit in siner
                        Negersproch...
                    

        
",lustig-dr-chineserfranz,34,2,0.7520227715602842,0.058823529411764705
191,comedy,Herr SAMÜEL,M,,,,"
          
Herr Samüel

          
(lacht)

          
Aha, ich merk ebbes... zeig, wie hat er das Ding
                        g'sàit?
                    

        
",lustig-dr-chineserfranz,16,2,0.6953544759227855,0.125
192,comedy,Tante DOMINO,F,,,,"
          
Tante.

          
Er hat g'sàit: « Ich dà Morge Herr Alfred gsi », also,
                        wenn er dà Morge dr Herr Alfred gsi isch, so isch er o
                        ne jetz noch... oder isch er viellicht nur z'Mittag e
                        Neger?
                    

        
",lustig-dr-chineserfranz,38,5,0.5643864548502358,0.13157894736842105
193,comedy,Herr SAMÜEL,M,,,,"
          
Herr Samüel.

          
Ich sieh scho, Schelastika, Dü verstehsch d'Negersproch
                        no nitt recht!... dà Neger, wo Dü g'sàh hasch, das isch
                        mi Koch, wo-n-ich üs Arnerika mitbrocht ha... 
er wird
                        ha welle sage, « ich bi dà Morge bim Herr Alfred gsi »,
                        denn er geht em als geh - helfe am e Sunntig.
                    

        
",lustig-dr-chineserfranz,56,6,0.607121614888345,0.10714285714285714
194,comedy,Tante DOMINO,F,,,,"
          
Tante.

          
Eh, 's isch jo wohr... wo ha-n-i denn mi Verstand g'ha
                       
(fir sich)
 in miner Freid, e Neger z'biku, ha-n-ich
                        halt nitt witerscht denkt... un ich, wo jetz in dem
                        Schwarze versproche ha, er derf 's Rosele hirothe!
                       
(züem Herr Samüel)
 De magsch recht ha, Samüel
(fir
                        sich)
 jetz spring ich um mi Neger... à moins, ass ich
                        ne selbst hiroth... was soll ich ihm jetz sage?
                    

        
",lustig-dr-chineserfranz,79,12,0.6141414395945758,0.1518987341772152
195,comedy,Herr SAMÜEL,M,,,,"
          
Herr Samüel.

          
Un jetz will ich im Alfred geh dà güete B'richt
                        bringe... De kännsch is ilade züem Nachtesse, ass mr
                        derno das Ding in Richtigkeit mache.
                    

        
",lustig-dr-chineserfranz,27,3,0.741151221327223,0.1111111111111111
196,comedy,Tante DOMINO,F,,,,"
          
Tante.

          
's isch e Wort... ich will glich e Sach rischte... 's
                        Rosele wird jetz glich heim ku... mr erwarte-n-eüch in
                        ere halb Stund.
                    

        
",lustig-dr-chineserfranz,26,4,0.5138904588735176,0.15384615384615385
197,comedy,Herr SAMÜEL,M,,,,"
          
Herr Samüel

          
(blibt an dr Thüre steh)

          
Also in ere halb Stund
(fir sich)
 ich's möglich, ass
                        me-n-eso wiescht ka werde mit dr Zit...
(lüt)
 au
                        revoir, Schelastika!
                    

        
",lustig-dr-chineserfranz,37,5,0.516643266358242,0.13513513513513514
199,comedy,Tante DOMINO,F,,,,"
          
Tante

          
(fir sich)

          
Sag mr jetz nur emol ei Mensch, was ich 'mit dem Neger
                        afange soll... wenn er mir's nur nitt iwel nimmt... 
so
                        Schwarze sin als màngmol g'fàhrlig, we me se bös
                        macht...
(d'Thüre geht uf, dr Neger kunnt üso mit eme
                        Masser in dr Hand)
.
                    

        
",lustig-dr-chineserfranz,54,7,0.4296545864445617,0.12962962962962962
200,comedy,TOM,M,,,,"
          
Tom

          
(zornig)

          
Ich alles g'hört!... awer ich Rosele hirothe oder
                        Unglick astelle!...
(er fechtet mit em Messer; d'Tante
                        losst e Schrei üs un springt in's Zimmer rechts)
.
                    

        
",lustig-dr-chineserfranz,33,3,0.18497266801161313,0.09090909090909091
201,comedy,Herr GALFING,M,,,,"
          
Herr Gàlfink

          
(kunnt hinte-n-ine)

          
Ich o alles g'hört... ich o will Rosele hirothe oder
                        Unglick astelle!
                    

        
",lustig-dr-chineserfranz,20,2,0.3705100263847863,0.1
203,comedy,Herr GALFING,M,,,,"
          
Herr Gàlfink

          
(springt àngstlig uf d'Site)

          
Ich nimmig welle! ich nimmig welle!
(fir sich)
 ich
                        bekàm's jo doch nitt, ich ha's scho g'hört... un jetz
                        gar nimmig... ich ha nitt nur 's grosse Loos nitt
                        g'wunne, awer mine Titres sin eso wit awe g'falle, ass
                        se gar Nieme meh will; ich bi rüiniert!
                    

        
",lustig-dr-chineserfranz,60,7,0.5544982946729531,0.11666666666666667
204,comedy,TOM,M,,,,"
          
Tom

          
(zornig)

          
Ich nimmig so lewe... ich wieder wild werde
(er zieht si
                        Kittel üs)
 ich wieder Menschefleisch esse!
                    

        
",lustig-dr-chineserfranz,23,3,0.40795395716797533,0.13043478260869565
205,comedy,Herr GALFING,M,,,,"
          
Herr Gàlfink

          
(fir sich)

          
Diable, diable!... wenn er nur nitt dr G'lust an mir
                        z'erst biesse will!
(züem Neger)
 ich o nimmig so lewe,
                        ich o wild werde!
(er zieht si Kittel o üs)
 das isch
                        jetz d'vierte Fraü, wo mir eso üswitscht!... wer wott

                        denn nitt wild werde!... Fir was das civilisierte Lewe
                        do, wo eim doch nit as Kummer un Sorge bringt!.. ich
                        hass d'Menschheit un will vo Nieme nit meh wisse.. 's
                        sin doch nur alle falsch an eim!
                    

        
",lustig-dr-chineserfranz,91,12,0.42559730891318215,0.13186813186813187
206,comedy,TOM,M,,,,"
          
Tom.

          
Jà, jà... ganz eso!

        
",lustig-dr-chineserfranz,5,1,0.8004800063959763,0.2
207,comedy,Herr GALFING,M,,,,"
          
Herr Gàlfink

          
(züem Tom)

          
Mir alles üszieh un wieder si, wie d'Natür uns erschaffe
                        hat... mir Nieme brüche derno... mir in d'Hardt oder in
                        dr Nunnebrüech geh!
                    

        
",lustig-dr-chineserfranz,31,2,0.7178544759227855,0.06451612903225806
209,comedy,Herr GALFING,M,,,,"
          
Herr Gàlfink

          
(macht si Gilet uf)

          
Hat eim d'Natür uf d'Welt mache z'ku mit eme Gilet un
                        Knapf dra? oder mit Schüeh a un Stolpernägel drin ?
(er
                        wirft si Gilet dert ane)
 furt mit dem Dings!... furt
                        mit dàne Schüeh, wo-n-eim doch nur Agerste-n-Aüge mache
                        un wo me derwege dr Sclav' vo sim Schüehmacher isch
(er
                        sitzt ane, fir d'Schüeh üsz'zieh, dr Neger imitiert ne)

                        doch still... in dr Hardt sin als Därn am Bode... mr
                        wànn noch warte-n-un 's Unnöthigste z'erst üszieh!...
                    

          

            
G'sang

            
(Nei, nei, das thüet dr Peter nitt)

            
Mir liewer frei un wild wànn geh

            
Un wisse vo de Lit nit meh,

            
Un nit vo Kleider, Strümpf un Schüeh,

            
Mir scho fir 's Esse g'nüe hàn z'thüe!

          

        
",lustig-dr-chineserfranz,140,14,0.6165941378794066,0.1
211,comedy,Herr GALFING,M,,,,"
          
Herr Gàlfink.

          
Wenn ich nur die Sproch scho kännt!

        
",lustig-dr-chineserfranz,9,1,0.578708951845571,0.1111111111111111
213,comedy,Herr GALFING,M,,,,"
          
Herr Gàlfink.

          
Jà, 's wird harze, das isch wohr!

        
",lustig-dr-chineserfranz,9,3,0.7361620831693125,0.3333333333333333
214,comedy,Herr GALFING,M,,,,"
          
Mitnander.

          

            
Mir liewer frei un wild wànn geh

            
Un wisse vo de Lit nit meh,

            
Un nit vo Kleider, Strümpf un Schüeh,

            
Mir scho fir 's Esse g'nüe hàn z'thüe

          

        
",lustig-dr-chineserfranz,31,5,0.61930649009738,0.16129032258064516
215,comedy,TOM,M,,,,"
          
Mitnander.

          

            
Mir liewer frei un wild wànn geh

            
Un wisse vo de Lit nit meh,

            
Un nit vo Kleider, Strümpf un Schüeh,

            
Mir scho fir 's Esse g'nüe hàn z'thüe

          

        
",lustig-dr-chineserfranz,31,5,0.61930649009738,0.16129032258064516
216,comedy,Herr GALFING,M,,,,"
          
Herr Gàlfink

          
(züem Tom)

          
Allons!... noch 's Hemd un d'Hose, derno hat's es
(er
                        niesst)
 so, jetz ha-n-i scho dr Schnüppe, wil i do nur
                        e wenig in de Hemdärmel gsi bi
(er zieht e gross
                        Carreaux-Nastüech üs em Sack un putzt d'Nase. 's
                        Trombone à coulisse macht dr Blost)
.
                    

        
",lustig-dr-chineserfranz,61,4,0.603111404329566,0.06557377049180328
218,comedy,Herr GALFING,M,,,,"
          
Herr Gàlfink

          
(fir sich)

          
Ich sieh scho, das Ding isch nitt so güet z'mache,
                        wie-n-ich glaübt ha... das sin Dummheite... 's isch mr
                        jetz scho ganz kisterig im Hals!... wenn ich erst gar
                        nit a hätt!
(züem Tom)
 ich mich ha-n-anderscht
                        b'sunne... ich noch e paar Tàg warte fir wild z'si, bis
                        mi Schnüppe-n-umme-n-isch.
                    

        
",lustig-dr-chineserfranz,68,9,0.5045787813057685,0.1323529411764706
219,comedy,TOM,M,,,,"
          
Tom.

          
Nix, nix!... nitt warte... ich Hunger no
                        Menschefleisch!
                    

        
",lustig-dr-chineserfranz,9,2,0.2933991066242237,0.2222222222222222
220,comedy,Herr GALFING,M,,,,"
          
Herr Gàlfink.

          
Bigr! bigr!... ich ha mich glaüb e wenig z'wit
                        avanciert?... ich derf ne nitt contrariere, sunscht
                        kunnt er am End noch hinter mich!
(züem Tom)
 Dü mich
                        letz verstande...
(fir sich)
 das isch jetz alles recht,
                        awer wie soll ich mich jetz do drüs ziege? Aha, still!
                       
(züem Tom)
 Dü begriffe, mir nitt känne dur d'Stadt geh,
                        fir in d'Hardt, mit nit a as e Fingering... 's isch
                        verbote ... mir uns erst im Wald üszieh.
                    

          

        
",lustig-dr-chineserfranz,86,10,0.5323673639220241,0.11627906976744186
221,comedy,TOM,M,,,,"
          
Tom.

          
Güet!... awer mir glich geh...

        
",lustig-dr-chineserfranz,6,1,0.8496361744517235,0.16666666666666666
222,comedy,Herr GALFING,M,,,,"
          
Herr Gàlfink.

          
Uf dr Stell!...
(fir sich)
 ich schick ne vorüs, er soll
                        derno warte!
(lüt)
 Still, 's kunnt glaüb ebber!... mir
                        dert ine geh uns fertig alege
(er zeigt uf d'Thüre
                        links. Se nàmme-n-ihre Kleider z'àmme-n-un
                        springe-n-ine, dr Herr Gàlfink z'letscht)
.
                    

        
",lustig-dr-chineserfranz,57,11,0.6201392003162406,0.19298245614035087
223,comedy,Herr SAMÜEL,M,,,,"
          
Herr Samüel

          
(kunnt z'erst ins-u-un sieht dr Herr Gàlfink noch
                        üsespringe)
                    

          
Was dr Kückücks isch das?
(züem Alfred un Rosele, wo
                        hinte-n-an 'm ine kämme)
 ich glaüb, die Herre gehn geh
                        bade?...
(züer Tante, wo-n-üs em Zimmer rechts kunnt ku
                        stürze)
 hasch Dü ne Badhüs, Schelastika?... doch ich
                        vergiss... ich presentier Dr mi Neveu, dr Alfred... De
                        siehsch, er isch kei bitzi schwarz... ich ha dàne
                        Kinder alles verzählt uf em Weg doch, was hasch?... De
                        bisch jo ganz verstört!
                    

        
",lustig-dr-chineserfranz,92,11,0.5682603554703749,0.11956521739130435
224,comedy,Tante DOMINO,F,,,,"
          
Tante.

          
Eh, denke nur, dr Neger un dr Herr Gàlfink wànn in
                        d'Hardt geh Wilde si!... si hàn sich üszoge do, ich ha
                        mich miesse flichte... züem Glick, ass ihr ku sin...
                        grad sin se dert ine g'sprunge, wo se-n-eüch g'hört
                        hàn.
                    

        
",lustig-dr-chineserfranz,45,7,0.5579320024053194,0.15555555555555556
225,comedy,Herr SAMÜEL,M,,,,"
          
Herr Samüel.

          
De brüchsch kei Angst z'ha vor em Neger, 's kunnt
                        vielmol eso a-n-en... 's isch als glich wieder umme...

                        dr Herr Gàlfink, dà weiss i halt nitt, wie wild as er
                        isch.
(er holt dr Neger üse-n-am Ohr)
 Was ha-n-i g'hört
                        Tom, D' seigsch wieder ab?
                    

        
",lustig-dr-chineserfranz,57,5,0.3843891549613353,0.08771929824561403
226,comedy,ROSELE,F,,,,"
          
Rosele

          
(züem Herr Gàlfink, wo hinte-n-am Neger üsekunnt)
                    

          
Awer Herr Gàlfink, wie hàn Sie känne mi Tante in eso ne
                        Schrecke versetze?
                    

        
",lustig-dr-chineserfranz,26,3,0.44480596789704735,0.11538461538461539
227,comedy,Herr GALFING,M,,,,"
          
Herr Gàlfink.

          
's isch üs Verzwiflung gsi, Rosele, wil Sie will
                        e-n-Anderer hirothe!
(er sieht dr Herr Alfred)
 o
                        sapristi! mi Zuckerbäck!
                    

        
",lustig-dr-chineserfranz,26,3,0.5770912252798204,0.11538461538461539
228,comedy,Herr ALFRED,M,,,,"
          
Herr Alfred.

          
Eh tiens, das isch jo dà Herr, wo mir dà Morge ne Tarte
                        b'stellt hat un mir e Liewesbrief gà hat fir dri, fir
                        d'Jumpfer Schelastika im Rosegàssle!... Dert isch die
                        Tarte, dr Tom hat se-n-üs Irrthum do ane brocht!
                    

        
",lustig-dr-chineserfranz,45,8,0.5707790040405306,0.17777777777777778
229,comedy,Tante DOMINO,F,,,,"
          
Tante.

          
Ah so, Herr Gàlfink!... das isch e schöne G'schichte..
                        wie viel hàn Se noch eso?... un Sie hàn welle 's Rosele
                        hirothe?
                    

        
",lustig-dr-chineserfranz,23,2,0.6705700867292725,0.08695652173913043
230,comedy,Herr GALFING,M,,,,"
          
Herr Gàlfink.

          
Was will Se halt, Tante Domino, 's isch
                        d'Nàchsteliewe...
                    

        
",lustig-dr-chineserfranz,12,2,0.44490775575320585,0.16666666666666666
231,comedy,TOM,M,,,,"
          
Tom

          
(züem Herr Gàlfink)

          
Ich glaübt, Sie d'Menschheit hasse... Allons, vorwàrts
                        in d'Hardt!
                    

        
",lustig-dr-chineserfranz,17,3,0.47056965061519035,0.17647058823529413
232,comedy,Herr GALFING,M,,,,"
          
Herr Gàlfink.

          
Kasch Dr ibilde!... wenn's do Hochzitlewe git!...
                        merci!
                    

        
",lustig-dr-chineserfranz,11,1,0.578708951845571,0.09090909090909091
233,comedy,Tante DOMINO,F,,,,"
          
Tante

          
(hebt d'Hand gege Himmel)

          
Un ich, wo jetz um mi Neger spring! un wer wird jetz mit
                        mir als e Parthie mache?
                    

          

        
",lustig-dr-chineserfranz,26,2,0.5841335933245668,0.07692307692307693
234,comedy,Herr SAMÜEL,M,,,,"
          
Herr Samüel.

          
Ich, Schelastika!... wenn die junge Lit emol g'hirothe
                        sin, so mache mir zwei nit meh anders as Domino spiele
                        mitnander! uf die Art gits derno noch dr Oncle züe dr
                        Tante Domino!
                    

        
",lustig-dr-chineserfranz,34,6,0.6509521406408229,0.17647058823529413
235,comedy,Herr GALFING,M,,,,"
          

            
G'sang

            
(Mitander)

            
Vor ebb mir dr Vorhang ziege,

            
Hà mir immer viel Vergniege,

            
Wenn ihr alle, Klei un Gross,

            
Uns nit thien vom Lohn abziege,

            
Wenn's scho g'si isch nitt famos,

            
Drum nur applaüdiert druf los.

          

        
",lustig-dr-chineserfranz,39,4,0.7079903880959405,0.10256410256410256
236,comedy,Herr SAMÜEL,M,,,,"
          

            
G'sang

            
(Mitander)

            
Vor ebb mir dr Vorhang ziege,

            
Hà mir immer viel Vergniege,

            
Wenn ihr alle, Klei un Gross,

            
Uns nit thien vom Lohn abziege,

            
Wenn's scho g'si isch nitt famos,

            
Drum nur applaüdiert druf los.

          

        
",lustig-dr-chineserfranz,39,4,0.7079903880959405,0.10256410256410256
237,comedy,Tante DOMINO,F,,,,"
          

            
G'sang

            
(Mitander)

            
Vor ebb mir dr Vorhang ziege,

            
Hà mir immer viel Vergniege,

            
Wenn ihr alle, Klei un Gross,

            
Uns nit thien vom Lohn abziege,

            
Wenn's scho g'si isch nitt famos,

            
Drum nur applaüdiert druf los.

          

        
",lustig-dr-chineserfranz,39,4,0.7079903880959405,0.10256410256410256
238,comedy,ROSELE,F,,,,"
          

            
G'sang

            
(Mitander)

            
Vor ebb mir dr Vorhang ziege,

            
Hà mir immer viel Vergniege,

            
Wenn ihr alle, Klei un Gross,

            
Uns nit thien vom Lohn abziege,

            
Wenn's scho g'si isch nitt famos,

            
Drum nur applaüdiert druf los.

          

        
",lustig-dr-chineserfranz,39,4,0.7079903880959405,0.10256410256410256
