Unnamed: 0,drama_type,speaker,sex,job,job_category,social_class,text,short_name,numTokens,numLexTokens,avgLexVal,lexRatio
3,comedy,Addes,M,,,,"
            
ADDES:

            
Nit zuem Beschte. Sie het starik gebrenzelt.

          
",bastian-dr-maischter-hett-gewunne,8,1,0.0,0.125
5,comedy,Addes,M,,,,"
            
ADDES:

            
Dis hab ich nit gschbanne. Pfüi Deifel.

          
",bastian-dr-maischter-hett-gewunne,8,2,0.0,0.25
6,comedy,Eddes,M,,,,"
            
EDDES:

            
D'r Maischter hett sichs gemüetlich uff d'r Deller g'schöpft. No maant'r annoch: Agath, ich glaub
            dü hesch Gänsgries kocht? Haha, ich hab dich jo gschtupft mit-em Fuess, awer...

          
",bastian-dr-maischter-hett-gewunne,29,4,0.5572347940488277,0.13793103448275862
7,comedy,Addes,M,,,,"
            
ADDES:

            
Wenn's an's Esse geht, kenn ich nix. Ja zuem Dunder, d' Maischtere isch doch als Junggsel Köche
            gsin uff 'me grosse Herrschaftsguet.

          
",bastian-dr-maischter-hett-gewunne,25,2,0.6375,0.08
8,comedy,Eddes,M,,,,"
            
EDDES

            
(zündet eine Zigarette an):

            
Jo siewe Johr hett sie de Söüi kocht, awer nit in d'r Herrschaft.

          
",bastian-dr-maischter-hett-gewunne,20,2,0.0,0.1
10,comedy,Eddes,M,,,,"
            
EDDES:

            
Jo, d'r Maischter isch e patentierter Simpel.

          
",bastian-dr-maischter-hett-gewunne,8,2,0.5785,0.25
12,comedy,Eddes,M,,,,"
            
EDDES:

            
Allez, am heilige Mondaa! Do macht er e Bierreisel, Commissiönle, kauft Loterieloos mit Zahle wo
            gewinne könnte, waisch so Loos mit 3, 5, 7, 9. Der verspielt noch d' ganz Büdik.

          
",bastian-dr-maischter-hett-gewunne,32,7,0.2989329565154374,0.21875
13,comedy,Addes,M,,,,"
            
ADDES:

            
Wenn'r nume sini Alt zerscht verspiele dät, diss alt Rabbyse. Zaj loss mich au e bissel fümme.

          
",bastian-dr-maischter-hett-gewunne,18,1,0.0,0.05555555555555555
14,comedy,Eddes,M,,,,"
            
EDDES:

            
Wart noch e Schluck — dä. Dü, Addes, gescht bin ich uff-em Messti gsin un hab gedanzt wie e Lumpe
            am Stecke. Dü, ächt mit e're gfitzte Schäftelmachere, waisch aani vun unsere Branche. Die soll mich
            nit gschlüdert han, e Dielewelter nochemol. Un wie der Walzer gschbielt isch worre: « O Susanna, wie
            bist du doch so schön », waisch so mit, so ebbs for 's Herz, mit Schwung 
            
(will's vormachen)
 ah, au! 
            
(Hält sich die Seiten.)

          
",bastian-dr-maischter-hett-gewunne,83,9,0.24163643428531012,0.10843373493975904
16,comedy,Eddes,M,,,,"
            
EDDES:

            
Un wie mir so im siewete Himmel erumbamble, stellt mir so e Canaille d'r Fuess, mir burzle anne,
            ich schlaa d'r Schmecker uff d'r Bodde, dass ich d'r Himmel for e Laischte angsehne hab.

          
",bastian-dr-maischter-hett-gewunne,35,6,0.4328197363221604,0.17142857142857143
17,comedy,Addes,M,,,,"
            
ADDES:

            
Haha, gelunge. Do hesch awer gelinzt, hä?

          
",bastian-dr-maischter-hett-gewunne,8,1,0.606,0.125
18,comedy,Eddes,M,,,,"
            
EDDES:

            
Un uewerdäm plumpse noch drej Päärle uff uns. D'r Seilschbanner wo grad kummt mit e me
            laidsmässige Schbrenzelhafe, wurd au mitgerisse, un in dem Moment bruehlt mini Dülcine Mordio, un der
            Schbrenzelhafe fallt e're mit-em Spitze direkt in's Müül; sie fangt aan ze gurigle un wär fascht
            versoffe, wenn sie ken so gueter Zugg hätt ghett.

          
",bastian-dr-maischter-hett-gewunne,58,5,0.24494337504997912,0.08620689655172414
20,comedy,Eddes,M,,,,"
            
EDDES:

            
Annoch! Wie der Klumpe luefti isch worre, hab ich mini Dänzere uff d' Baan gschtellt wie e
            Holzbubb, un üewerdem verliert sie e paar falschi Locke. Ich muess halt lache wie verruckt un wie ich
            ihri wiss Blouse: betracht, muess ich noch meh lache.

          
",bastian-dr-maischter-hett-gewunne,45,9,0.3071496267392291,0.2
21,comedy,Addes,M,,,,"
            
ADDES:

            
Worum? — Pfüi isch der bout räs. 
            
(Wirft die Zigarette fort.)

          
",bastian-dr-maischter-hett-gewunne,14,1,0.0,0.07142857142857142
22,comedy,Eddes,M,,,,"
            
EDDES:

            
Ei ihri Blouse isch rot gedüepfelt gsin, vun minere bluetige Nas, un wie ich so lach, bekumm ich
            vun dere Jumpfer aani an de Backe, dass mir d' Scharnierle krache. Aa so, saa ich: Dü cheval de
            carosse, un hab e're e feschti in 's Gnick g'schlawe. No hättsch awer sotte sehne 
            
(markierend)
 Sechs Händ gschbier ich am Hals, es räjt Füschte- 
            
paschtete, Tritt, Tüer uff — üewer d' Stross gflöüje saa ich dir, mit-em. Kopf zwische
            zwai Gartelatte nyngfahre, isch eins gsin, un als uff mich los gebengelt; ich hab e Fackelzugg im
            Schwarzwald gsehne. — O mini Ribbe, un, un — der do hinte duet mer so weh. Mim Lebdesdaa geh ich uff
            kene Danz meh.

          
",bastian-dr-maischter-hett-gewunne,122,14,0.2720624141063143,0.11475409836065574
24,comedy,Eddes,M,,,,"
            
EDDES:

            
Zipfel, was lachsch so dumm?

          
",bastian-dr-maischter-hett-gewunne,6,1,0.516,0.16666666666666666
25,comedy,Addes,M,,,,"
            
ADDES:

            
Bie so e're Fuehr hielt mer nit.

          
",bastian-dr-maischter-hett-gewunne,8,1,0.0,0.125
26,comedy,Eddes,M,,,,"
            
EDDES:

            
Dü üewerzweriger Stuehlhooger, ich find nix lächerlichs d'rbie.

          
",bastian-dr-maischter-hett-gewunne,10,2,0.0,0.2
27,comedy,Addes,M,,,,"
            
ADDES:

            
Dich han sie doppelt gsohlt, gerüeschtert un vorgschueht in aam Düür. Jaja, Eddes, « die Liebe,
            die Liebe hat manches schon getan ». Haha.

          
",bastian-dr-maischter-hett-gewunne,25,2,0.8589999999999999,0.08
29,comedy,Addes,M,,,,"
            
ADDES:

            
Geh, mit dir nämm ich's noch uff.

          
",bastian-dr-maischter-hett-gewunne,9,1,0.547,0.1111111111111111
30,comedy,Eddes,M,,,,"
            
EDDES:

            
Was, dü Häriseel. Dich pack ich wie e Pfund Lumpe.

          
",bastian-dr-maischter-hett-gewunne,11,1,0.0,0.09090909090909091
31,comedy,Addes,M,,,,"
            
ADDES

            
(steht auf):

            
Kumm here, kumm, box, caune, chauson. 
            
(Packt ihn.)

          
",bastian-dr-maischter-hett-gewunne,15,3,0.0,0.2
32,comedy,Eddes,M,,,,"
            
EDDES:

            
Au, halt!

          
",bastian-dr-maischter-hett-gewunne,3,1,0.0,0.3333333333333333
33,comedy,Addes,M,,,,"
            
ADDES:

            
Gell Männel! Was Güxels, was hesch, haha, het der Mensch e Kisse hinte angebunde. Aha, ich versteh
            — es isch wäje dere Glanzwichs.

          
",bastian-dr-maischter-hett-gewunne,24,1,0.0,0.041666666666666664
35,comedy,Addes,M,,,,"
            
ADDES:

            
Bscht! Es kummt ebber. 
            
(Beide arbeiten schnell weiter.)

          
",bastian-dr-maischter-hett-gewunne,11,2,0.053,0.18181818181818182
36,comedy,Schakob,M,,,,"
            
SCHAKOB:

            
Buschur biesamme. Schaköbel wie sööt mer?

          
",bastian-dr-maischter-hett-gewunne,7,2,0.47050000000000003,0.2857142857142857
37,comedy,Schaköbel,M,,,,"
            
SCHAKOEBEL:

            
Buschur ihr Härre.

          
",bastian-dr-maischter-hett-gewunne,4,2,0.2735,0.5
40,comedy,Eddes,M,,,,"
            
EDDES:

            
Brüche mir e Maischter wenn mir gsund sin?

          
",bastian-dr-maischter-hett-gewunne,9,2,0.3205,0.2222222222222222
41,comedy,Schakob,M,,,,"
            
SCHAKOB:

            
Do hab ech miner Bueä. D' Miaädder isch om Zischdi schun dogewänn. Er will pardü
            Schuehmachermäischter wäre.

          
",bastian-dr-maischter-hett-gewunne,18,1,0.0,0.05555555555555555
42,comedy,Eddes,M,,,,"
            
EDDES:

            
Soso! Na, diss kan'r bie uns wäre. Wie haisch denn Männel?

          
",bastian-dr-maischter-hett-gewunne,12,1,0.0,0.08333333333333333
44,comedy,Eddes,M,,,,"
            
EDDES:

            
So isch erächt. Nume nit verschrocke.

          
",bastian-dr-maischter-hett-gewunne,7,1,0.242,0.14285714285714285
46,comedy,Addes,M,,,,"
            
ADDES:

            
Mer sieht's-em aan, dass'r e gscheider Vadder het.

          
",bastian-dr-maischter-hett-gewunne,11,1,0.0,0.09090909090909091
47,comedy,Schakob,M,,,,"
            
SCHAKOB:

            
Diss will ich määne. Ech bin in d'r Schuel allewiel in d'r erschte Bank gsässe.

          
",bastian-dr-maischter-hett-gewunne,16,2,0.0,0.125
51,comedy,Schakob,M,,,,"
            
SCHAKOB:

            
Zäll will ich määne.

          
",bastian-dr-maischter-hett-gewunne,5,1,0.0,0.2
52,comedy,Eddes,M,,,,"
            
EDDES:

            
Vadder Schakob, Ihr könne Euch druff verlonn, Euerer Schaköbel wurd e Schuehküenschtler Nummer
            pfiff.

          
",bastian-dr-maischter-hett-gewunne,15,3,0.243,0.2
54,comedy,Eddes,M,,,,"
            
EDDES:

            
's wurd bsorjt, ken Angscht. Un wisse n'r, dass d'r Schaköbel besser lehrt, schicke als ebbs vun
            e're Söüi — e Schambingel, odder e Köjelhupf, verstehn'r?

          
",bastian-dr-maischter-hett-gewunne,27,2,0.0,0.07407407407407407
56,comedy,Eddes,M,,,,"
            
EDDES:

            
Ich garantier Euch d'rfor, er wurd guet. — Noch ebbs. Sehn'r, so e Ding wie ich aan hab, muehn'r
            im Schaköbel kaufe. Wisse n'r, es isch wäje de Kräjenaue. 
            
(Stiehlt Aepfel aus dem Korb.)

          
",bastian-dr-maischter-hett-gewunne,38,2,0.3388584376249478,0.05263157894736842
58,comedy,Schakob,M,,,,"
            
SCHAKOB:

            
Stille! Was galt so e Sitz?

          
",bastian-dr-maischter-hett-gewunne,7,1,0.441,0.14285714285714285
61,comedy,Schakob,M,,,,"
            
SCHAKOB:

            
Sei nit so vorwitzig. Was galt so e Sitz?

          
",bastian-dr-maischter-hett-gewunne,10,1,0.0,0.1
62,comedy,Eddes,M,,,,"
            
EDDES:

            
Ho, 's isch unterschiedlich. Der kummt direkt vun Paris. Awer wil Ihr's sin, na zwanzig
            Franke.

          
",bastian-dr-maischter-hett-gewunne,18,1,0.0,0.05555555555555555
63,comedy,Schakob,M,,,,"
            
SCHAKOB:

            
Könne Ihr's nit billiger gänn?

          
",bastian-dr-maischter-hett-gewunne,7,1,0.0,0.14285714285714285
64,comedy,Eddes,M,,,,"
            
EDDES:

            
Leider nit min Liewer. Prix fixe!

          
",bastian-dr-maischter-hett-gewunne,7,2,0.4177550546826891,0.2857142857142857
65,comedy,Schakob,M,,,,"
            
SCHAKOB:

            
Ech mään d'r Schaköbel bringt's ellään ferdig mit sim Sitzlädder. Ja, ech will jetz gehn. Sei
            brov, Schaköbel, am nächschte Friddi kumm ech widder.

          
",bastian-dr-maischter-hett-gewunne,26,3,0.39433333333333326,0.11538461538461539
66,comedy,Schaköbel,M,,,,"
            
SCHAKOEBEL

            
(weinend):

            
Jo Vodder, d' Mieäder sell ö mitkumme, galle.

          
",bastian-dr-maischter-hett-gewunne,12,2,0.206,0.16666666666666666
67,comedy,Schakob,M,,,,"
            
SCHAKOB:

            
Jo dänn. Adje Schaköbel. Adje Ihr Harre. 
            
(Mitteltüre ab.)

          
",bastian-dr-maischter-hett-gewunne,12,3,0.0,0.25
68,comedy,Eddes,M,,,,"
            
EDDES:

            
Was hesch ze suttere? Diner Vadder geht zue d'r Mieädder. — Dü, Addes, er het nit angebisse.

          
",bastian-dr-maischter-hett-gewunne,18,2,0.206,0.1111111111111111
69,comedy,Addes,M,,,,"
            
ADDES:

            
Schad! Der Büür schient nit vun Dummkirich ze sin. Awer sini Aepfel han mer-em geraant.

          
",bastian-dr-maischter-hett-gewunne,16,1,0.0,0.0625
70,comedy,Eddes,M,,,,"
            
EDDES:

            
Schaköbel, setz dich do here un klopf mer diss Rossledder waich. Siehsch so wurd's gemacht. —
            Kannsch au Kartes spiele?

          
",bastian-dr-maischter-hett-gewunne,22,4,0.14088524089158191,0.18181818181818182
72,comedy,Addes,M,,,,"
            
ADDES:

            
Ha, saftigi Renette. — Schaköbel, klopf, klopf! 
            
(Macht sich sachte an Eddes heran, und stiehlt ihm vorsichtig einen Apfel aus der
            Tasche.).
 Saftigi Renette.

          
",bastian-dr-maischter-hett-gewunne,27,6,0.22371094867079525,0.2222222222222222
74,comedy,Eddes,M,,,,"
            
EDDES:

            
Werum lachsch denn so dumm? 
            
(Erwischt die Hand Addes.)
 Ei gück do, der Apfeldieb. Addes, gib denne Apfel her. Ich
            saa dir's in Güetem.

          
",bastian-dr-maischter-hett-gewunne,28,1,0.516,0.03571428571428571
77,comedy,Eddes,M,,,,"
            
EDDES:

            
Na wart, dich box ich zamme, das dir Höre un Sehn vergeht. 
            
(Schlüpft mit den Händen in ein Paar alte Schuhe.)

          
",bastian-dr-maischter-hett-gewunne,24,5,0.07880000000000001,0.20833333333333334
78,comedy,Addes,M,,,,"
            
ADDES:

            
Ah, dü witt mich zammeboxe! 
            
(Macht dasselbe wie Eddes.)
 Kumm here, ich bin gerüescht.

          
",bastian-dr-maischter-hett-gewunne,17,2,0.0,0.11764705882352941
79,comedy,Eddes,M,,,,"
            
EDDES:

            
Schaköbel bass uff, do kannsch ebbs lehre. Wenn d'r Addes bluetig uff-em Bodde lejt, no zählsch
            langsam bis uff zehn, un wenn'r nimmi uffsteht, ischr knock-out.

          
",bastian-dr-maischter-hett-gewunne,27,4,0.2735,0.14814814814814814
80,comedy,Schaköbel,M,,,,"
            
SCHAKOEBEL:

            
Ja isch'r derno füddi?

          
",bastian-dr-maischter-hett-gewunne,5,1,0.7279999999999999,0.2
81,comedy,Eddes,M,,,,"
            
EDDES:

            
Numme halwer. Er hat 's Nasebaan gebroche, sechs Zähn fehle n'em, un het e verheiti Kinnlad.

          
",bastian-dr-maischter-hett-gewunne,18,2,0.0,0.1111111111111111
83,comedy,Addes,M,,,,"
            
ADDES:

            
Kumm numme her dü Grossmüül, dich will ich kinnlade. 
            
(Beide beginnen einen kurzen Boxkampf.)

          
",bastian-dr-maischter-hett-gewunne,17,2,0.0,0.11764705882352941
87,comedy,Eddes,M,,,,"
            
EDDES:

            
Un die saftig Renette schlucksch. Bing! 
            
(Es klopft heftig.) (Beide springen hastig an die Arbeit und pfeifen: « Guter Mond du gehst so
            stille ».)

          
",bastian-dr-maischter-hett-gewunne,30,5,0.37916994425245626,0.16666666666666666
88,comedy,Mirliton,M,,,,"
            
MIRLITON:

            
Bonjour Messieurs, 
            
(Kleine Pause.)

          
",bastian-dr-maischter-hett-gewunne,7,2,0.235,0.2857142857142857
90,comedy,Addes,M,,,,"
            
ADDES:

            
Loss 'ne stehn.

          
",bastian-dr-maischter-hett-gewunne,4,1,0.0,0.25
92,comedy,Eddes,M,,,,"
            
EDDES:

            
A, bonjour im Herre. Mit was könnt mer Ihne diene? MIRLITON 
            
(stellt sich vor):
 Xavier Mirliton, rentier. Ich hab g'hört, dass bie Ihne elegant
            gschafft wurd.

          
",bastian-dr-maischter-hett-gewunne,29,2,0.265,0.06896551724137931
93,comedy,Eddes,M,,,,"
            
EDDES:

            
Hors concour, Monsieur. Sechs goldigi Medaille.

          
",bastian-dr-maischter-hett-gewunne,7,1,0.424,0.14285714285714285
97,comedy,Eddes,M,,,,"
            
EDDES:

            
Schaköbel, lang e Stuehl here. Hucke Sie do anne, Monsieur Dürlüdü. Ich will 'ne glich 's Mess
            näme, Schaköbel, hol zell Büechel uff d'r Werikbank, dass d' ebbs lehrsch, un zeihj dem Herr d'r
            Bodin üss, awer sachte. Schick dich e bissele, leste.

          
",bastian-dr-maischter-hett-gewunne,44,5,0.21260000000000004,0.11363636363636363
98,comedy,Schaköbel,M,,,,"
            
SCHAKOEBEL:

            
Eju dann. 
            
(Hält den Fuss hoch.)

          
",bastian-dr-maischter-hett-gewunne,9,2,0.0,0.2222222222222222
99,comedy,Mirliton,M,,,,"
            
MIRLITON:

            
Gänn Sie doch acht jeune homme, ich bin arig dificile.

          
",bastian-dr-maischter-hett-gewunne,11,1,0.0,0.09090909090909091
100,comedy,Eddes,M,,,,"
            
EDDES:

            
Dü maansch glab hebsch e 'n Ochs am Hinterfüess, dü Dollweck.

          
",bastian-dr-maischter-hett-gewunne,12,1,0.4738671262237924,0.08333333333333333
102,comedy,Eddes,M,,,,"
            
EDDES

            
(fasst Schaköbel an den Ohren):

            
Pack dich. Denne Dirmel kann mer for nix brüche. 
            
(Zieht den Schuh aus.)
 Hesch 's Büechel? Schrieb uff was ich dir saa, 
            
(Nimmt Mass mit Bendelmeter.)
 O was han Sie e nätts Füessel, Monsieur, grad wie e
            Hewammehändel. Schaköbel schrieb: 45 — un 30 üewer d'r Reje, un 25 — un 12 — un 10 — halt nit 10 —
            13. So, Monsieur, 's isch g'schehne.

          
",bastian-dr-maischter-hett-gewunne,78,5,0.10940000000000001,0.0641025641025641
103,comedy,Mirliton,M,,,,"
            
MIRLITON:

            
Wenn kann ich uff d' Lifferung zähle?

          
",bastian-dr-maischter-hett-gewunne,8,3,0.18233333333333335,0.375
104,comedy,Eddes,M,,,,"
            
EDDES:

            
So ball wie möjlich. Schaköbel, helf dem Herr d'r Schueh anduehn.

          
",bastian-dr-maischter-hett-gewunne,12,2,0.0,0.16666666666666666
105,comedy,Mirliton,M,,,,"
            
MIRLITON:

            
Merci, 's geht besser ellaan. Eh bien, in acht Daa denk ich.

          
",bastian-dr-maischter-hett-gewunne,13,1,0.5456787237501844,0.07692307692307693
110,comedy,Eddes,M,,,,"
            
EDDES:

            
Schaköbel, diss Büechel here. — Wie, ja — dich solle d' Ente vertrette, dü hesch jo gar nix
            gschriewe! Hab ich dir nit gsaat dü — e fitzekapores! Ja kannsch denn dü nit schriewe?

          
",bastian-dr-maischter-hett-gewunne,35,3,0.48533333333333323,0.08571428571428572
114,comedy,Addes,M,,,,"
            
ADDES:

            
Haha, der isch sicher d' Schuld, dass d' Frösch ken Wäddel han.

          
",bastian-dr-maischter-hett-gewunne,13,2,0.211,0.15384615384615385
115,comedy,Eddes,M,,,,"
            
EDDES:

            
Witt dü schnell dem Herrn noochlaufe! Saasch er het ebbs vergesse. — Dü lauf'sch noch nit. — Bisch
            noch nit drüsse? Zaj Addes, lang mer d'r Knejrieme. Witt dü mache dass...

          
",bastian-dr-maischter-hett-gewunne,32,3,0.0,0.09375
116,comedy,Schaköbel,M,,,,"
            
SCHAKOEBEL:

            
O liever Harr Schuehmochersgsell, ech, ech — Harr Düderlüdu 
            
(ab Mitteltüre)
 horche, horche!

          
",bastian-dr-maischter-hett-gewunne,16,1,0.8355101093653782,0.0625
117,comedy,Eddes,M,,,,"
            
EDDES:

            
So e Rejementsdirmel! Wart dü wursch noch dressiert.

          
",bastian-dr-maischter-hett-gewunne,9,1,0.0,0.1111111111111111
118,comedy,Addes,M,,,,"
            
ADDES:

            
D'r Deifel het alles wölle wäre nume nit Lehrbue.

          
",bastian-dr-maischter-hett-gewunne,10,1,0.0,0.1
119,comedy,Eddes,M,,,,"
            
EDDES:

            
Drum isch'r au glich Maischter worre. Enfin...

          
",bastian-dr-maischter-hett-gewunne,8,1,0.641,0.125
120,comedy,Addes,M,,,,"
            
ADDES:

            
Sin ken Bäre. Jetz kummt mer ebbs yn. Han mer nit im Dorel, im Liebschter vun d'r
            Bodinmachermaischtersdoochter, uff hit sini gsohlte Schueh versproche?

          
",bastian-dr-maischter-hett-gewunne,25,4,0.36175,0.16
121,comedy,Eddes,M,,,,"
            
EDDES:

            
Minsex! Awer jetz kummt mir au ebbs yn, 
            
(Nachdenklich.)
 Ich maan als, ich maan — morje, morje...

          
",bastian-dr-maischter-hett-gewunne,20,3,0.0,0.15
122,comedy,Addes,M,,,,"
            
ADDES:

            
Was morje?

          
",bastian-dr-maischter-hett-gewunne,3,1,0.0,0.3333333333333333
123,comedy,Eddes,M,,,,"
            
EDDES:

            
Grad rechel ich nooch. 
            
(Springt auf, reisst das Sitzkissen ab.)
 Morje hab ich üssgelehrt, uff d'r Daa. Gsell,
            Gsell! Addes Gsell!

          
",bastian-dr-maischter-hett-gewunne,24,3,0.18233333333333335,0.125
124,comedy,Addes,M,,,,"
            
ADDES:

            
Was? E Nundebuckel, un diss kummt dir jetz ererscht yn? Dü sollsch blöuj wäre, Was zahlsch? Der
            Gsell wurd yngewaicht.

          
",bastian-dr-maischter-hett-gewunne,21,1,0.0,0.047619047619047616
125,comedy,Eddes,M,,,,"
            
EDDES:

            
Gsell! Ich möcht mir fasch d' Hand drucke for Gruenz. Haha, was koscht 's Elsass un noch e paar
            Dörfer? Addes, denne Owe trinke mer küewelswies.

          
",bastian-dr-maischter-hett-gewunne,27,1,0.0,0.037037037037037035
126,comedy,Addes,M,,,,"
            
ADDES:

            
Bravo, diss isch e Mannswort. Vive Eddes. Hoch soll'r läwe, drej Käs hoch, vive! 
            
(Beide tanzen und singen):
 Maidele, butz dich, wäsch dich, Strähl dich schön, Derfsch
            mit mir uff d'r Polka gehn. Hopsa Lissele, danz e bissele...

          
",bastian-dr-maischter-hett-gewunne,41,10,0.37081185980999243,0.24390243902439024
127,comedy,Dorel,M,,,,"
            
DOREL:

            
Was isch denn diss for e Spektakel? Danze die Lüüser gemüetlich e Polonaise à la cordonnier. Isch
            diss amend gschafft? Was mache mini Schueh?

          
",bastian-dr-maischter-hett-gewunne,25,3,0.3706906833238394,0.12
128,comedy,Eddes,M,,,,"
            
EDDES:

            
Herr Dorel, mir sin grad dran.

          
",bastian-dr-maischter-hett-gewunne,7,2,0.0,0.2857142857142857
129,comedy,Dorel,M,,,,"
            
DOREL:

            
Ich sieh's. Awer horche, saaue emol, was isch denn mit minere Hochzittere Petronelle, un minere
            zuekuenftige Schwejeres los?

          
",bastian-dr-maischter-hett-gewunne,20,2,0.5890262811724299,0.1
131,comedy,Dorel,M,,,,"
            
DOREL:

            
Halt din daub Müül. Treff ich die zwei Wiebszimmer im Magmod aan, un wie sie mich sehne, stelle
            sie d' Nase hoch, un mache so als ob sie mich noch nie gekennt hätte.

          
",bastian-dr-maischter-hett-gewunne,34,5,0.0,0.14705882352941177
134,comedy,Addes,M,,,,"
            
ADDES:

            
Ei, Herr Dorel, Sie könne's jo noch noochhole.

          
",bastian-dr-maischter-hett-gewunne,10,1,0.0,0.1
135,comedy,Dorel,M,,,,"
            
DOREL:

            
Wurr ich au, un nit ze knapp.

          
",bastian-dr-maischter-hett-gewunne,8,1,0.0,0.125
136,comedy,Eddes,M,,,,"
            
EDDES:

            
Awer saftig. Herr Hochzitter, je saftiger, deschto besser.

          
",bastian-dr-maischter-hett-gewunne,9,3,0.413161643731792,0.3333333333333333
140,comedy,Addes,M,,,,"
            
ADDES:

            
Luej do miner Kolleg.

          
",bastian-dr-maischter-hett-gewunne,5,1,0.0,0.2
141,comedy,Eddes,M,,,,"
            
EDDES:

            
Wo bisch denn so lang gschteckt? Ich hab gemaant dü bisch zue dinere Mieädder geloffe. — Wo hesch
            denn 's Mess?

          
",bastian-dr-maischter-hett-gewunne,22,3,0.13733333333333334,0.13636363636363635
143,comedy,Eddes,M,,,,"
            
EDDES:

            
Addes, lang d'r Tröschter. Dich will ich messe lehre.

          
",bastian-dr-maischter-hett-gewunne,10,4,0.0,0.4
144,comedy,Schaköbel,M,,,,"
            
SCHAKOEBEL:

            
Ojemer, ojemer. Ech will brov sin. 
            
(Drohtspitz hinter der Szene, laut rufend):
 Edwar! Adolph! Diuhe! Diuhu!

          
",bastian-dr-maischter-hett-gewunne,19,1,0.0,0.05263157894736842
145,comedy,Eddes,M,,,,"
            
EDDES:

            
E Glüeck fer dich, dass d'r Alt kummt, sunscht hätt's Fetze gänn.

          
",bastian-dr-maischter-hett-gewunne,14,2,0.0,0.14285714285714285
146,comedy,Addes,M,,,,"
            
ADDES:

            
Ich glaab d'r Maischter het e g'hörige Well.

          
",bastian-dr-maischter-hett-gewunne,9,1,0.641,0.1111111111111111
149,comedy,Drohtspitz,M,,,,"
            
DROHTSPITZ:

            
Wenn ich saa, es wurd nimi gschafft, wurd nimmi gschafft. 
            
(Geht stolz hin und her, und pafft):
 Ich hab drei Millione gewunne.

          
",bastian-dr-maischter-hett-gewunne,25,3,0.415276739482064,0.12
150,comedy,Addes,M,,,,"
            
ADDES:

            
D'r Maischter het gewunne!

          
",bastian-dr-maischter-hett-gewunne,5,2,0.685415109223096,0.4
151,comedy,Eddes,M,,,,"
            
EDDES:

            
Jo Plän vun Paris.

          
",bastian-dr-maischter-hett-gewunne,5,1,0.0,0.2
152,comedy,Drohtspitz,M,,,,"
            
DROHTSPITZ:

            
So wohr ich Drohtspitz haiss. Drei Millione! D' Frau un Doochter hab ich unterwäjs angetroffe un
            hab ne die Nuwell bruehjwarm nuewergschtellt. Umarmt han sie mich, verschmutzt wie narrächt; d' Litt
            sin stehn gebliewe, un han Müül un Nas uffgschberrt.

          
",bastian-dr-maischter-hett-gewunne,41,4,0.21875,0.0975609756097561
154,comedy,Eddes,M,,,,"
            
EDDES:

            
Millione un 's Wetter. Addes, d' Karte her, dass mer e Tournee erüssklopfe, uff denne Stoss.
            Addes, dü gibsch.

          
",bastian-dr-maischter-hett-gewunne,20,2,0.2735,0.1
155,comedy,Drohtspitz,M,,,,"
            
DROHTSPITZ:

            
Ja ihr Buewe, Numero 128.697 isch e Glückszahl, un die isch uff mich gfalle.

          
",bastian-dr-maischter-hett-gewunne,16,3,0.425,0.1875
156,comedy,Eddes,M,,,,"
            
EDDES:

            
Mäischter, ich gratülier zue dem söuimässige Glück. ADDES 
            
(schüttelt Drohtspitz die Hand):
 Un ich au, dunderwischbel.

          
",bastian-dr-maischter-hett-gewunne,19,1,0.0,0.05263157894736842
160,comedy,Drohtspitz,M,,,,"
            
DROHTSPITZ:

            
Ah dü bisch d'r Schaköbel! — Na, kannsch dich vun dim Vadder widder hole lonn. Saasch bisch do
            gsin. Es wurd nimi gschuehschtert bie mir. Diss isch guet for armi Peches. Furt mit dem Pechstuehl,
            furt mit-em Knibbe, Klopfstaan, Rieme. Alles nüss, nüss. 
            
(Wirft alles durcheinander.)

          
",bastian-dr-maischter-hett-gewunne,49,5,0.1355433750499791,0.10204081632653061
162,comedy,Drohtspitz,M,,,,"
            
DROHTSPITZ:

            
Naan, noch nit. Hitt fyre mir e grosses Fescht. Un wenn dü mir nochemol Maischter saasch, zinkier
            ich dir aani, dass dü erumsurrsch wie e Propeller.

          
",bastian-dr-maischter-hett-gewunne,27,2,0.3205,0.07407407407407407
163,comedy,Eddes,M,,,,"
            
EDDES:

            
Schübbe isch Trumpf. Addes, hopp, e Kart odder e Stück Holz.

          
",bastian-dr-maischter-hett-gewunne,12,1,0.0,0.08333333333333333
165,comedy,Drohtspitz,M,,,,"
            
DROHTSPITZ:

            
He, was hab ich gsaat? Do hinne wurd nimmi gschafft. Adolph, hol mir im Schlofzimmer d'r
            Fodell.

          
",bastian-dr-maischter-hett-gewunne,18,1,0.516,0.05555555555555555
166,comedy,Addes,M,,,,"
            
ADDES:

            
Ja Maischler — ä Herr Millionär. 
            
(Ab links.)

          
",bastian-dr-maischter-hett-gewunne,11,2,0.36399999999999993,0.18181818181818182
167,comedy,Drohtspitz,M,,,,"
            
DROHTSPITZ:

            
Voilà. Diss isch 's richtig Wort.

          
",bastian-dr-maischter-hett-gewunne,7,2,0.164,0.2857142857142857
168,comedy,Eddes,M,,,,"
            
EDDES:

            
Was ich noch saaue will, Maischter, ä Herr von Drohtspitz, vun morje ab bin ich Gsell.

          
",bastian-dr-maischter-hett-gewunne,17,3,0.21366666666666667,0.17647058823529413
169,comedy,Drohtspitz,M,,,,"
            
DROHTSPITZ:

            
Armer Wurm. He, wo bliebt miner Fodell?

          
",bastian-dr-maischter-hett-gewunne,8,3,0.0,0.375
170,comedy,Addes,M,,,,"
            
ADDES:

            
Do isch'r. Ich hab noch schnell e paar Spinnhuddle abgschtaibt. Voilà, Herr.

          
",bastian-dr-maischter-hett-gewunne,13,2,0.0,0.15384615384615385
171,comedy,Drohtspitz,M,,,,"
            
DROHTSPITZ

            
(setzt sich bequem, Beine übereinander):

            
Merci.

          
",bastian-dr-maischter-hett-gewunne,9,1,0.5670720499574242,0.1111111111111111
172,comedy,Addes,M,,,,"
            
ADDES:

            
Bie de nächschte Wahle kenn ich aaner wo im Gemaanrot sitzt. No haisst's: Monsieur Drohtspitz
            hinte, un Herr Drohtspitz vorne. Wie geht's, Herr Drohtspitz, alles gsund, was macht d' Madam un d'
            Mamsell Doochter, ça va bien, wie stehn d' Aktie? Do fliehje d' Hüet, bonjour, bonjour, sehn'r n'e
            d'r stolz Stadtvadder? D'r Kirichrot bliebt au nit üss, d'r Armeinspektertitel kummt vun aase.

          
",bastian-dr-maischter-hett-gewunne,67,9,0.14411111111111113,0.13432835820895522
174,comedy,Eddes,M,,,,"
            
EDDES:

            
D'r Herr Drohtspitz verkehrt nume mit vornehme Herrschafte. Par exemple mit-em Préfet, Députés,
            Sénateurs, Minischter.

          
",bastian-dr-maischter-hett-gewunne,16,3,0.0,0.1875
175,comedy,Drohtspitz,M,,,,"
            
DROHTSPITZ:

            
Wills starik hoffe.

          
",bastian-dr-maischter-hett-gewunne,4,2,0.1875,0.5
177,comedy,Drohtspitz,M,,,,"
            
DROHTSPITZ:

            
Un nit weni Männel.

          
",bastian-dr-maischter-hett-gewunne,5,1,0.0,0.2
178,comedy,Eddes,M,,,,"
            
EDDES:

            
D'r chevalier de la Landwirtschaft isch sicher. Un d' Bankier laufe Ihne nooch, wie d' Mies
            nooch-em Speck.

          
",bastian-dr-maischter-hett-gewunne,19,2,0.211,0.10526315789473684
179,comedy,Drohtspitz,M,,,,"
            
DROHTSPITZ:

            
Wo numme mini Frau bliebt un d' Petronelle? Ah, die kaufe jo yn. No fahre sie im Taxi zuem
            Zahnarzt. Sie wölle sich goldeni Zähn mache lonn.

          
",bastian-dr-maischter-hett-gewunne,28,1,0.0,0.03571428571428571
180,comedy,Addes,M,,,,"
            
ADDES:

            
Wenn's grad emol an Muenz fehle dät, könnte die Dame jo e Zahn uff d'r Tisch laje.

          
",bastian-dr-maischter-hett-gewunne,19,4,0.13675,0.21052631578947367
181,comedy,Drohtspitz,M,,,,"
            
DROHTSPITZ

            
(lacht):

            
Kaiwe Bue. E gueter Witz, haha! Dü, Edwar, wie dü morje doch üssgelehrt hesch, defsch mini Cigar
            wittersch rauche.

          
",bastian-dr-maischter-hett-gewunne,23,4,0.44441532204032375,0.17391304347826086
182,comedy,Eddes,M,,,,"
            
EDDES:

            
Merci, Herr.

          
",bastian-dr-maischter-hett-gewunne,3,1,0.0,0.3333333333333333
183,comedy,Drohtspitz,M,,,,"
            
DROHTSPITZ:

            
Un derno kannsch miner ganz Grümbel han, mit zamt d'r Pratik. Sogar 's Todedräjerämtel gib ich dir
            au ab.

          
",bastian-dr-maischter-hett-gewunne,20,2,0.197,0.1
184,comedy,Eddes,M,,,,"
            
EDDES:

            
Merci, Herr. Könnte Sie mir sunscht noch so e bissel, Sie wisse jo wie ich's maan. 
            
(Mimik vom Geldzählen.)

          
",bastian-dr-maischter-hett-gewunne,23,1,0.0,0.043478260869565216
185,comedy,Drohtspitz,M,,,,"
            
DROHTSPITZ:

            
Aha, dü winksch mit-em Holzschläjel. Na, es kummt mer minsex uff e paar Döusig nit aan.

          
",bastian-dr-maischter-hett-gewunne,17,1,0.547,0.058823529411764705
186,comedy,Eddes,M,,,,"
            
EDDES:

            
Könnt ich's nit schriftlich han? E rächter Gschäftsmann geht hitt am Daa numme uff Schriewes.

          
",bastian-dr-maischter-hett-gewunne,17,2,0.4375,0.11764705882352941
187,comedy,Addes,M,,,,"
            
ADDES:

            
Guet gänn.

          
",bastian-dr-maischter-hett-gewunne,3,2,0.3388584376249478,0.6666666666666666
188,comedy,Drohtspitz,M,,,,"
            
DROHTSPITZ:

            
Oho, e Mann, e Wort! Sollsch zehndöusig Liwerle han. Pah! Ja 's Geld macht d'r Mann. Haha!

          
",bastian-dr-maischter-hett-gewunne,18,6,0.26733333333333326,0.3333333333333333
189,comedy,Eddes,M,,,,"
            
EDDES:

            
Merci, Herr Millionär. 
            
(Umarmt ihn.)
 Ich wurr e moderns Gschäft installiere, wo uff wisseschaftlichem Gebiet
            fundamentiert isch.

          
",bastian-dr-maischter-hett-gewunne,20,3,0.18233333333333335,0.15
191,comedy,Eddes,M,,,,"
            
EDDES:

            
Diss Gschäft wurd in drei Spezialitäte yngedailt.

          
",bastian-dr-maischter-hett-gewunne,8,1,0.0,0.125
193,comedy,Eddes,M,,,,"
            
EDDES:

            
Erschtens in e orthopädischi Abteilung for verkrüppelti Fuess. Zwaitens in e Pantoffelakademie, un
            drittens in e Kinderschueh-Klinik.

          
",bastian-dr-maischter-hett-gewunne,18,1,0.0,0.05555555555555555
194,comedy,Addes,M,,,,"
            
ADDES:

            
Guet gänn. Kohl wittersch.

          
",bastian-dr-maischter-hett-gewunne,5,2,0.3388584376249478,0.4
196,comedy,Eddes,M,,,,"
            
EDDES:

            
No schaff ich mir e amerikanischi Maschin aan, wo ich in e're Uesstellung gsehne hab; e Maschin,
            die in kurzer Zitt e Vermöje abwerft.

          
",bastian-dr-maischter-hett-gewunne,25,2,0.30760693539223627,0.08
197,comedy,Drohtspitz,M,,,,"
            
DROHTSPITZ:

            
Edwar, Edwar, dü machsch jo e Möwelwaaue lache.

          
",bastian-dr-maischter-hett-gewunne,9,1,0.7101733203265308,0.1111111111111111
199,comedy,Eddes,M,,,,"
            
EDDES:

            
Dere Maschin wurd vun vorne Rossledder nynspediert, un hinte kumme Bodin in box-calf fix un ferdig
            erüss.

          
",bastian-dr-maischter-hett-gewunne,18,1,0.0,0.05555555555555555
200,comedy,Addes,M,,,,"
            
ADDES:

            
Grossartig!

          
",bastian-dr-maischter-hett-gewunne,2,1,0.818,0.5
201,comedy,Drohtspitz,M,,,,"
            
DROHTSPITZ:

            
Horich Edwar, als gewöhnlicher Schuehmacher dät ich mich verzüerne. Awer als Millionär bin ich ze
            nowel. Verstehsch, dü Lüüser!

          
",bastian-dr-maischter-hett-gewunne,20,1,0.0,0.05
202,comedy,Addes,M,,,,"
            
ADDES:

            
Nowel geht d' Welt zegrund. Ja Herr Millionär, was ich fröuje möcht, was mach ich denn?

          
",bastian-dr-maischter-hett-gewunne,17,2,0.36399999999999993,0.11764705882352941
203,comedy,Drohtspitz,M,,,,"
            
DROHTSPITZ:

            
Dü, dü schnüüfsch dass d' nit verschticksch. Awer halt! Ich schaff mer e Vierspänner aan, mit
            Arawerhengscht, odder englisch Vollbluet, un derno kannsch Kütscher bie mir wäre.

          
",bastian-dr-maischter-hett-gewunne,28,1,0.0,0.03571428571428571
204,comedy,Addes,M,,,,"
            
ADDES:

            
Bravo! Diss dät mer basse. 
            
(Holt einen Stuhl, setzt sich in Reitsitz, schnalzt.)
 Allez! Allez César, allez! EDDES 
            
(macht Addes nach):
 Allez Coquette, allez Favorit. 
            
(Sie reiten um Drohtspitz herum.)

          
",bastian-dr-maischter-hett-gewunne,37,2,0.3439999999999999,0.05405405405405406
205,comedy,Schaköbel,M,,,,"
            
SCHAKOEBEL

            
(lauft hinten nach):

            
Hohü, hischterum, öööh Schimmel.

          
",bastian-dr-maischter-hett-gewunne,10,1,0.0,0.1
206,comedy,Drohtspitz,M,,,,"
            
DROHTSPITZ

            
(lacht unbändig, schlägt sich aufs Knie).

          
",bastian-dr-maischter-hett-gewunne,9,1,0.75,0.1111111111111111
207,comedy,Dorel,M,,,,"
            
DOREL:

            
Oho! 
            
(Bleibt an der Türe stehen.)
 Was isch denn los?

          
",bastian-dr-maischter-hett-gewunne,13,1,0.6097004771618698,0.07692307692307693
208,comedy,Drohtspitz,M,,,,"
            
DROHTSPITZ

            
(steht auf, kehrt Dorel den Rücken, geht dann aufgeblasen hin und her).

          
",bastian-dr-maischter-hett-gewunne,15,1,0.0,0.06666666666666667
209,comedy,Dorel,M,,,,"
            
DOREL:

            
Was Deifels, bisch bös, Schwejerbabbe? Sin mini Schuch gsohlt? Guete Daa Schwejeres, wo isch denn
            's Petronelle, dis lieb Schätzel? — Ken Antwort.

          
",bastian-dr-maischter-hett-gewunne,24,3,0.5122389584166318,0.125
210,comedy,Eddes,M,,,,"
            
EDDES:

            
Er het drei Millione gewunne. Sie muehn-em Herr Millionär saawe.

          
",bastian-dr-maischter-hett-gewunne,11,2,0.364915109223096,0.18181818181818182
213,comedy,Drohtspitz,M,,,,"
            
DROHTSPITZ:

            
Edwar, dü gehsch nab zuem Photograph am Eck, er soll glich kumme.

          
",bastian-dr-maischter-hett-gewunne,13,1,0.0,0.07692307692307693
214,comedy,Eddes,M,,,,"
            
EDDES:

            
Wäre mir photographiert, Herr Drohtspitz?

          
",bastian-dr-maischter-hett-gewunne,6,1,0.0,0.16666666666666666
215,comedy,Drohtspitz,M,,,,"
            
DROHTSPITZ:

            
Ja, in Läwesgrösse.

          
",bastian-dr-maischter-hett-gewunne,4,1,0.7279999999999999,0.25
218,comedy,Drohtspitz,M,,,,"
            
DROHTSPITZ:

            
Awer d' beschte wo'r hett. Saasch er soll e 'n Andenke gänn.

          
",bastian-dr-maischter-hett-gewunne,13,2,0.2395,0.15384615384615385
220,comedy,Drohtspitz,M,,,,"
            
DROHTSPITZ:

            
Un dü, Adolph, bschtellsch mer glich e Fass Champagner, verschtande?

          
",bastian-dr-maischter-hett-gewunne,11,2,0.2575,0.18181818181818182
221,comedy,Dorel,M,,,,"
            
DOREL:

            
Haha, e Fass Champagner. Dem isch 's Pech in de Kopf gschtöje.

          
",bastian-dr-maischter-hett-gewunne,13,1,0.0,0.07692307692307693
222,comedy,Drohtspitz,M,,,,"
            
DROHTSPITZ:

            
Halt, Adolph! Z'erscht gehsch in de Keller, an de Gänsstall, nämsch d'r Knibbe mit un murigsch
            alli Gäns ab. Schaköbel, dü helfsch-em. D' Madam Drohtspitz hett's 
            
nimi notwendig Gäns ze stopfe, diss isch guet for Proletarier.

          
",bastian-dr-maischter-hett-gewunne,38,3,0.2259056250832985,0.07894736842105263
223,comedy,Addes,M,,,,"
            
ADDES:

            
Gibts hitt noch e Fricot, Herr Drohtspitz?

          
",bastian-dr-maischter-hett-gewunne,8,1,0.0,0.125
225,comedy,Addes,M,,,,"
            
ADDES:

            
Ha, ich frai mich jetz schun druff. Herr Dorl, vergesse Sie Ihri Redd nit. Schaköbel, kumm. 
            
(Beide Mitteltüre ab.)

          
",bastian-dr-maischter-hett-gewunne,22,3,0.0,0.13636363636363635
226,comedy,Dorel,M,,,,"
            
DOREL:

            
Herr Drohtspitz! Herr Schwejeres, ich möcht...

          
",bastian-dr-maischter-hett-gewunne,7,2,0.0,0.2857142857142857
227,comedy,Drohtspitz,M,,,,"
            
DROHTSPITZ:

            
Ja sin denn Sie als noch do?

          
",bastian-dr-maischter-hett-gewunne,8,1,0.7279999999999999,0.125
229,comedy,Drohtspitz,M,,,,"
            
DROHTSPITZ:

            
Los, üss-em Staub, Sunscht hebb ich d' Tüer üss.

          
",bastian-dr-maischter-hett-gewunne,10,1,0.6097004771618698,0.1
230,comedy,Dorel,M,,,,"
            
DOREL:

            
Soll mich e Esel trette. Ja, was glauwe denn...

          
",bastian-dr-maischter-hett-gewunne,10,3,0.4006223754079308,0.3
231,comedy,Drohtspitz,M,,,,"
            
DROHTSPITZ:

            
Jaja, 's isch Ernscht, Herr Bäbbkessel. Gehn Sie numme. Ich verbiet Ihne ein for allemol in unseri
            Villa ze kumme.

          
",bastian-dr-maischter-hett-gewunne,21,4,0.0,0.19047619047619047
233,comedy,Drohtspitz,M,,,,"
            
DROHTSPITZ:

            
Dabbezierersknecht, wurr nit frech, sunscht könntsch 's Fliehje lehre.

          
",bastian-dr-maischter-hett-gewunne,10,2,0.0,0.2
234,comedy,Dorel,M,,,,"
            
DOREL:

            
Jetz krej ich doch ball e Wuet. Saa mol, was isch denn in dich nyngfahre, dass dü so Käschperles
            mit mir schbielsch?

          
",bastian-dr-maischter-hett-gewunne,23,2,0.0,0.08695652173913043
237,comedy,Drohtspitz,M,,,,"
            
DROHTSPITZ:

            
Bin ich au, sogar e dreifacher. 's Nümero 128.697 het Glüeck gebrocht. Mit minere Doochter isch
            üss, sie kann schwasiere. Wenn ich Ihne emol ebbs ze verdiene kann gänn, ganz gern. Miner valet de
            chambre wurd Ihne geläjetlich Ordre zuekumme lonn. Un jetz wölle Sie so friendlich sin, un d' Stubb
            süüfer mache.

          
",bastian-dr-maischter-hett-gewunne,55,11,0.31951481921818187,0.2
238,comedy,Dorel,M,,,,"
            
DOREL:

            
A so raucht's! Ihr wölle mich nimi kenne? Ja wer hett denn Euch eueri Büdik frisch gedabeziert?
            Wer het 
            
denn eueri Wendelmatratze nej üewerzöüje un euere Flohzirik üssgeraichert? — Wer, fröüj
            ich? Ich hab's gemacht, ich! Un noch umesunscht, ja! Ihr kumme mer gschliche wie gedrabbt, ihr
            Pecheschores.

          
",bastian-dr-maischter-hett-gewunne,51,7,0.28875813040531373,0.13725490196078433
239,comedy,Drohtspitz,M,,,,"
            
DROHTSPITZ

            
(steht rasch auf, reisst Dorel die Mülze vom Kopf, wirft sie zur Türe hinaus, die er offen
            lässt):

            
Herr Prolet, han Sie gsehne, wie Ihri Proletarierskabb nüssgflöüje isch? Na, so kann's Ihne gehn,
            awer Kopf unte un d' Baan owe.

          
",bastian-dr-maischter-hett-gewunne,44,3,0.09366666666666668,0.06818181818181818
240,comedy,Dorel,M,,,,"
            
DOREL:

            
Ich geh vun ase, Herr Millionär. D'r Dorel bliebt d'r Dorel, un d'r Dorel pfifft uff d' Mamsell
            Drohtspitz. Ihr denke noch an denne arme Bäbbkessel, wo richer isch, als ihr allizamme. 
            
(Ab.)

          
",bastian-dr-maischter-hett-gewunne,36,2,0.2735,0.05555555555555555
241,comedy,Drohtspitz,M,,,,"
            
DROHTSPITZ:

            
Armer Windbittel, düürsch mich. 
            
(Man hôrt weitlos Gänsegeschrei.)

          
",bastian-dr-maischter-hett-gewunne,11,2,0.21899999999999994,0.18181818181818182
244,comedy,Linser,M,photographer,intermediate_professionals,lower_middle_class,"
            
LINSER:

            
Bonjour, Herr Drohtspitz. Sie wüensche in corpore uffgenumme ze wäre. Grossartigi Idee, als ewigs
            Andenke. Famoser Gedanke. Diss Bild wurd in alle Zittunge e kollosaler Effekt mache. Wüensch Ihne au
            viel Glüeck zu dem enorme Geld. Drei Milliönle wie ich ghört hab. Ken Klaanigkeit.

          
",bastian-dr-maischter-hett-gewunne,45,7,0.29752226671991794,0.15555555555555556
246,comedy,Linser,M,photographer,intermediate_professionals,lower_middle_class,"
            
LINSER:

            
So, d'r Apparat het glich die gross Ehr in Funktion ze trette. — Awer vorerscht möcht ich doch die
            Herrschafte bitte 's Gsicht un d' Händ ze wäsche, denn mini Platte sin arig empfindlich.

          
",bastian-dr-maischter-hett-gewunne,35,7,0.13418346579378992,0.2
247,comedy,Drohtspitz,M,,,,"
            
DROHTSPITZ:

            
Zell isch awer num. Sie sotte vor lütter Gruenz nit wisse, was Sie mache wölle, dass Sie miner
            Hofphotograph wäre. Uewerhaupt hab ich noch nie e Schuehmacher mit 'me Cylinder un Glacéhändschi
            uff-em Pechstuehl sitze sehn.

          
",bastian-dr-maischter-hett-gewunne,37,3,0.0,0.08108108108108109
248,comedy,Addes,M,,,,"
            
ADDES

            
(von draussen):

            
Ja, ja. D'r Schaköbel hielt wäje de

          
",bastian-dr-maischter-hett-gewunne,12,2,0.7279999999999999,0.16666666666666666
249,comedy,Eddes,M,,,,"
            
EDDES:

            
Hä, do linse Sie, Herr Linser.

          
",bastian-dr-maischter-hett-gewunne,7,1,0.0,0.14285714285714285
250,comedy,Linser,M,photographer,intermediate_professionals,lower_middle_class,"
            
LINSER:

            
Wie Sie wüensche, Herr Drohtspitz. Also verehrti Herrschafte...

          
",bastian-dr-maischter-hett-gewunne,9,3,0.13533333333333333,0.3333333333333333
251,comedy,Eddes,M,,,,"
            
EDDES:

            
Halt! D'r Addes un dr Schaköbel fehle noch.

          
",bastian-dr-maischter-hett-gewunne,9,2,0.0,0.2222222222222222
253,comedy,Eddes,M,,,,"
            
EDDES

            
(hinausrufend):

            
Addes, Schaköbel, ihr solle kumme! Gäns. Mir kumme! Mir kumme!

          
",bastian-dr-maischter-hett-gewunne,14,3,0.0,0.21428571428571427
254,comedy,Linser,M,photographer,intermediate_professionals,lower_middle_class,"
            
LINSER:

            
So, jetz kann's losgehn.

          
",bastian-dr-maischter-hett-gewunne,6,1,0.0,0.16666666666666666
255,comedy,Drohtspitz,M,,,,"
            
DROHTSPITZ:

            
Haha, luej die zwei. Mer maant sie han e Bataille mitgemacht. Betrachte die Gänsmetzjer wie die
            drinsehn.

          
",bastian-dr-maischter-hett-gewunne,18,1,0.0,0.05555555555555555
256,comedy,Linser,M,photographer,intermediate_professionals,lower_middle_class,"
            
LINSER:

            
Also mini Herrschafte, bilde Sie e schöni Grupp. D'r Herr Drohtspitz in d' Mittle, die junge Herre
            rächts un links.

          
",bastian-dr-maischter-hett-gewunne,21,7,0.15510398693825592,0.3333333333333333
260,comedy,Addes,M,,,,"
            
ADDES:

            
Maischter, ich will links...

          
",bastian-dr-maischter-hett-gewunne,5,1,0.641,0.2
261,comedy,Drohtspitz,M,,,,"
            
DROHTSPITZ:

            
Maischter!? Do hesch links. 
            
(Gibt ihm eine Ohrfeige.)

          
",bastian-dr-maischter-hett-gewunne,11,2,0.3205,0.18181818181818182
262,comedy,Eddes,M,,,,"
            
EDDES:

            
Bisch jetz zefridde?

          
",bastian-dr-maischter-hett-gewunne,4,1,0.6753895015832398,0.25
263,comedy,Linser,M,photographer,intermediate_professionals,lower_middle_class,"
            
LINSER:

            
So. D'r Klaan do, der setzt sich vor d'r Herr Drohtspitz uff dr Bodde, C'est ça! Awer Herr
            Drohtspitz, lueje Sie doch friendlicher, ja. Ja so! Uff đe Gsichter muess mer e Glanz sehn, als hätt
            e Maiedaa mit sim Früehjrot druffgezunde un es dät Knackwuerscht räje.

          
",bastian-dr-maischter-hett-gewunne,48,10,0.3904955107124148,0.20833333333333334
264,comedy,Drohtspitz,M,,,,"
            
DROHTSPITZ:

            
Was Knackwuerscht? Paschtete, wenn's beliebt.

          
",bastian-dr-maischter-hett-gewunne,7,1,0.859,0.14285714285714285
266,comedy,Addes,M,,,,"
            
ADDES:

            
Guet gänn, hahaha.

          
",bastian-dr-maischter-hett-gewunne,4,2,0.3388584376249478,0.5
267,comedy,Linser,M,photographer,intermediate_professionals,lower_middle_class,"
            
LINSER:

            
So isch erächt, ja. Herr Drohtspitz, e bissel süesser lächle, noch süesser, so — awer d' Nas nit
            so hoch. 
            
(Setzt ihn in bessere Haltung.)
 Sie, junger Herr, lonn Sie d' Finger üss d'r Nas.

          
",bastian-dr-maischter-hett-gewunne,38,8,0.22201338675350735,0.21052631578947367
269,comedy,Drohtspitz,M,,,,"
            
DROHTSPITZ:

            
Herrschaft düürt dis e Ewigkeit. Aa — Herr Linser, han Sie au die neje Strahle mitgebrocht?

          
",bastian-dr-maischter-hett-gewunne,17,4,0.114,0.23529411764705882
270,comedy,Linser,M,photographer,intermediate_professionals,lower_middle_class,"
            
LINSER:

            
Bedüür arig. Sie sin uff Schuehmacher nit verwendbar.

          
",bastian-dr-maischter-hett-gewunne,9,2,0.2735,0.2222222222222222
271,comedy,Drohtspitz,M,,,,"
            
DROHTSPITZ:

            
Au Schwindel.

          
",bastian-dr-maischter-hett-gewunne,3,1,0.0,0.3333333333333333
272,comedy,Linser,M,photographer,intermediate_professionals,lower_middle_class,"
            
LINSER:

            
Jetz uffgebasst. Silence! 
            
(Schlüpft unter das Tuch.)

          
",bastian-dr-maischter-hett-gewunne,10,1,0.0,0.1
275,comedy,Linser,M,photographer,intermediate_professionals,lower_middle_class,"
            
LINSER:

            
Ganz ruehig wenn's beliebt. He, der ganz klaan Herr do vorne, der macht jo e Buckel wie e Katz
            wenn's blitzt.

          
",bastian-dr-maischter-hett-gewunne,24,6,0.2745,0.25
276,comedy,Schaköbel,M,,,,"
            
SCHAKOEBEL:

            
Harr Telegraph, ech mään — ech mään as düat weh.

          
",bastian-dr-maischter-hett-gewunne,11,1,0.016,0.09090909090909091
277,comedy,Linser,M,photographer,intermediate_professionals,lower_middle_class,"
            
LINSER:

            
Dummer Bue.

          
",bastian-dr-maischter-hett-gewunne,3,1,0.516,0.3333333333333333
280,comedy,Dorel,M,,,,"
            
DOREL:

            
Herr Drohtspitz, wisse Sie schun?

          
",bastian-dr-maischter-hett-gewunne,6,1,0.0,0.16666666666666666
282,comedy,Dorel,M,,,,"
            
DOREL:

            
Herr Millionär, wisse Sie schun?

          
",bastian-dr-maischter-hett-gewunne,6,1,0.0,0.16666666666666666
284,comedy,Dorel,M,,,,"
            
DOREL:

            
Dass Sie nix gewunne han? Do steht's in der Zittung. E Druckfehler het sich yngschliche. 
            
(Ueberreicht Drohtspitz eine Zeitung.)
 Voilà, Monsieur. Gewunne het nit 128.697, awer
            128,698. Aans ze weny! 
            
(Stellt den Zeigefinger.)

          
",bastian-dr-maischter-hett-gewunne,41,2,0.729830218446192,0.04878048780487805
285,comedy,Drohtspitz,M,,,,"
            
DROHTSPITZ

            
(stiert auf die Zeitung, lässt sie fallen):

            
Nix gewunne! Nix ge... Jesses, jetz, jetz... 
            
(Alle stürzen vor Schrecken zu Boden.)

          
",bastian-dr-maischter-hett-gewunne,25,5,0.2647660436892384,0.2
286,comedy,Linser,M,photographer,intermediate_professionals,lower_middle_class,"
            
LINSER:

            
Oho, die ganz Gsellschaft isch jo verschwunde. Do soll doch glich 
            
(unter dem Tuch hervor.)
 Do hett's e Erdbewe gänn.

          
",bastian-dr-maischter-hett-gewunne,24,5,0.07880000000000001,0.20833333333333334
289,comedy,Addes,M,,,,"
            
ADDES:

            
Der guet Fricot!

          
",bastian-dr-maischter-hett-gewunne,4,1,0.6777168752498955,0.25
290,comedy,Schaköbel,M,,,,"
            
SCHAKOEBEL:

            
Oo, Mieädder, hole mich!

          
",bastian-dr-maischter-hett-gewunne,5,1,0.412,0.2
291,comedy,Dorel,M,,,,"
            
DOREL:

            
Do, Herr Drohtspitz, hesch dini Millionärskabb. 
(Setzt ihm den Kessel auf. Rasch ab.)

              
(Alle lachen. Rideau.)

            

          
",bastian-dr-maischter-hett-gewunne,21,2,0.3550866601632654,0.09523809523809523
